0 0.5943526265625 0.29519286562499997 0.5906489234375 0.28998453281250003 0.5781489234375 0.28243245 0.5568526265625 0.280349115625 0.5411118859374999 0.28347411562499997 0.533241515625 0.2884220328125 0.5286118859375 0.2941512 0.5286118859375 0.30300536562499997 0.539260034375 0.313161615625 0.551297071875 0.31680745 0.5665748484375001 0.3175887 0.577222996875 0.316286615625 0.588797071875 0.31133869999999997 0.5943526265625 0.304567865625 0.5943526265625 0.29519286562499997
0 0.5642885484375 0.7930626984375 0.5503996609375 0.7899376984375001 0.5355848453125 0.7899376984375001 0.5193811421875 0.79592728125 0.5128996609375001 0.8058231156250001 0.5138255859374999 0.8141564484374999 0.5253996609375 0.82483353125 0.5536404015625 0.8276981156250001 0.574010771875 0.8188439484375 0.5786404015625 0.8120731156250001 0.577714475 0.8042606156250001 0.5642885484375 0.7930626984375
0 0.55682231875 0.82853753125 0.5234889859375 0.8280166984375 0.5091371328125 0.8371312812499999 0.5091371328125 0.8511937812499999 0.522563059375 0.86135003125 0.5364519484375 0.8660375312499999 0.5508038 0.8662979484375001 0.5702482437499999 0.8548396140625 0.5721000968750001 0.8412979484375 0.5693223187500001 0.8371312812499999 0.55682231875 0.82853753125
0 0.5910085656249999 0.064626875 0.5678604171875 0.0604602078125 0.5493418984375 0.0641060421875 0.54332338125 0.0674914578125 0.5386937515625 0.07478312499999999 0.540545603125 0.0867622921875 0.5507307875 0.0945747921875 0.584527084375 0.09431437499999999 0.5998048625 0.0878039578125 0.6016567140625 0.0737414578125 0.5910085656249999 0.064626875
0 0.5879887921875 0.1414564625 0.5754887921875 0.1286960453125 0.55326656875 0.12400854531250001 0.5467850875 0.1245293796875 0.5315073109374999 0.1320814625 0.52780360625 0.1440606296875 0.5342850875 0.1576022953125 0.53937768125 0.1604668796875 0.555581384375 0.1612481296875 0.5736369390625 0.1604668796875 0.5815073109375 0.1576022953125 0.5879887921875 0.15239396249999998 0.5879887921875 0.1414564625
0 0.5950274140625 0.18308408125 0.589471859375 0.174229915625 0.5686385265625 0.16667783125 0.551971859375 0.1677194984375 0.5385459328125 0.1747507484375 0.533916303125 0.1810007484375 0.5385459328125 0.197667415625 0.546416303125 0.2020944984375 0.557990378125 0.20339658124999999 0.5778977859375 0.2020944984375 0.589934821875 0.19792783125 0.5950274140625 0.1935007484375 0.5950274140625 0.18308408125
0 0.580419240625 0.5079645953124999 0.5730118328125 0.5011937625 0.5605118328125 0.496766678125 0.5531044265625 0.495204178125 0.53273405625 0.49624584531249993 0.518382203125 0.5048395953125 0.5165303515625 0.5121312625 0.5193081296875001 0.5189020953125 0.5318081296875 0.5274958453124999 0.5475488703125 0.531141678125 0.5581970187499999 0.5308812625 0.57069701875 0.5285375125 0.5785673890624999 0.524110428125 0.5822710921875001 0.5173395953125 0.580419240625 0.5079645953124999
0 0.5833146640625 0.33266715156250004 0.5726665171875001 0.3261567359375 0.55044429375 0.32355256875 0.53655540625 0.3261567359375 0.5268331828124999 0.33214631875 0.522203553125 0.3456879859375 0.5286850359375 0.3535004859375 0.5393331828125 0.35949006875 0.559240590625 0.36183381875 0.5717405906249999 0.36001090156250004 0.584240590625 0.3535004859375 0.58794429375 0.33943798593749996 0.5833146640625 0.33266715156250004
0 0.5748191874999999 0.64166998125 0.5595414109375 0.6325553968750001 0.5345414109375 0.6320345640625 0.515559928125 0.64166998125 0.515559928125 0.655211646875 0.5229673359375 0.66198248125 0.5345414109375 0.66745123125 0.5609302984375 0.6671908140625 0.5729673359375 0.66198248125 0.577596965625 0.656774146875 0.5785228921875001 0.648961646875 0.5748191874999999 0.64166998125
0 0.5738344390625 0.8793836265625 0.5613344390624999 0.8692273765625 0.5483714765625 0.86558154375 0.5335566609375 0.86558154375 0.5205936984374999 0.8692273765625 0.512723328125 0.8741752937499999 0.5080936984375 0.8793836265625 0.5071677718750001 0.8903211265625 0.512723328125 0.8986544593750001 0.5215196234375 0.9036023765625 0.5460566609375 0.9054252937499999 0.5613344390624999 0.9015190437499999 0.5682788828125 0.8965711265625 0.5738344390625 0.8882377937499999 0.5738344390625 0.8793836265625
0 0.5880029812500001 0.7568066531250001 0.57642890625 0.75081706875 0.5523548328125 0.74925456875 0.5430955734375 0.751337903125 0.532447425 0.75784831875 0.52689186875 0.76566081875 0.52689186875 0.77191081875 0.53939186875 0.78362956875 0.5667066843749999 0.78597331875 0.586151128125 0.7792024859375 0.591706684375 0.77347331875 0.5935585359375 0.7635774859375 0.5880029812500001 0.7568066531250001
0 0.567205003125 0.713942865625 0.5537790765625 0.7063907828125 0.53340870625 0.7048282828125 0.5107235218749999 0.717067865625 0.50794574375 0.7290470328125 0.52137166875 0.739724115625 0.5343346328125 0.7423282828125 0.54590870625 0.7420678656249999 0.55840870625 0.7392032828125 0.5690568546875 0.7321720328125 0.5727605578125 0.7212345328125 0.567205003125 0.713942865625
0 0.5696676359375 0.59413676875 0.5520750421875 0.59413676875 0.5418898578125 0.5962201031250001 0.5312417093749999 0.6027305187499999 0.52753800625 0.6167930187499999 0.54003800625 0.6285117687499999 0.5645750421875 0.629813853125 0.5840194875 0.622001353125 0.59050096875 0.609501353125 0.5789268937500001 0.5967409359375 0.5696676359375 0.59413676875
0 0.5665891750000001 0.545836684375 0.5550151015625 0.5414095999999999 0.5300151015625 0.5414095999999999 0.5184410265625 0.5463575171875 0.5147373234375 0.5505241843750001 0.5156632484375 0.5651075171875 0.5300151015625 0.574742934375 0.5536262125 0.5776075171875 0.5652002859375 0.574742934375 0.5749225078125 0.5677116843750001 0.5749225078125 0.5526075171875 0.5665891750000001 0.545836684375
0 0.578729403125 0.4694743953125 0.5740997734375 0.46426606093749995 0.560673846875 0.45723481093749996 0.5375256984375001 0.4561931453125 0.5264145874999999 0.45983897812499996 0.5185442171875 0.4663493953125 0.5185442171875 0.47937022812499996 0.5250256984375 0.48718272812499996 0.53197014375 0.49056814531250004 0.54493310625 0.4936931453125 0.554655328125 0.493432728125 0.5671553281249999 0.49108897812499996 0.5750256984375001 0.48666189531250004 0.579655328125 0.47937022812499996 0.578729403125 0.4694743953125
0 0.5928159203125001 0.203754165625 0.581704809375 0.20010833125 0.5548529578125 0.20167083125000002 0.544204809375 0.21182708125 0.5469825875 0.2253687484375 0.5548529578125 0.23083749843749998 0.5766122171875 0.23213958125 0.5928159203125001 0.23083749843749998 0.60438999375 0.2253687484375 0.60438999375 0.21182708125 0.5928159203125001 0.203754165625
0 0.540604296875 0.9660843953124999 0.5359746671875001 0.9587927281249999 0.52532651875 0.9522823109375 0.51328948125 0.9496781453124999 0.50032651875 0.950198978125 0.4901413328125 0.953323978125 0.4813450375 0.9593135609375001 0.47486355625 0.9692093953124999 0.47486355625 0.975980228125 0.4813450375 0.983792728125 0.4929191109375 0.9897823109375 0.5063450375 0.991605228125 0.52625244375 0.987698978125 0.5341228140625 0.9827510609375001 0.540604296875 0.9738968953124999 0.540604296875 0.9660843953124999
0 0.5553157828125 0.9153401593750001 0.5465194875 0.9103922437499999 0.5196676359375 0.90726724375 0.500686153125 0.91586099375 0.4960565234375 0.92367349375 0.4960565234375 0.9335693265625 0.5016120796875 0.94086099375 0.5122602281249999 0.9468505765625 0.5330935609375 0.9497151593750001 0.54003800625 0.9484130765625001 0.5590194875 0.9377359937499999 0.5617972640625 0.92367349375 0.5553157828125 0.9153401593750001
0 0.5813005328124999 0.679574546875 0.5748190515625 0.6728037140625001 0.5623190515625 0.667855796875 0.533615346875 0.667855796875 0.51741164375 0.6769703812500001 0.5155597921874999 0.68947038125 0.51833756875 0.69415788125 0.533615346875 0.7027516312500001 0.5563005328124999 0.70353288125 0.5660227546875001 0.70118913125 0.577596828125 0.69415788125 0.583152384375 0.68634538125 0.5813005328124999 0.679574546875
0 0.5789857171875 0.0952397671875 0.565096828125 0.0936772671875 0.5475042359375 0.0952397671875 0.5359301624999999 0.108000184375 0.5405597921874999 0.1225835171875 0.5456523843750001 0.1264897671875 0.5604671984375 0.1264897671875 0.5822264578125 0.1319585171875 0.5970412734375 0.12206268437500001 0.5979671984375 0.11425018437500001 0.59241164375 0.1038335171875 0.5789857171875 0.0952397671875
0 0.570490240625 0.3726272609375 0.5473420921875001 0.3684605953125 0.5343791296875 0.3710647609375 0.526508759375 0.3754918453125 0.520953203125 0.383825178125 0.5218791296874999 0.39267934531250004 0.53623098125 0.4043980953125 0.545490240625 0.4070022609375 0.5598420921875 0.40674184531249996 0.5695643140625 0.404918928125 0.5792865375 0.399450178125 0.5839161671875 0.38486684531250004 0.570490240625 0.3726272609375
0 0.5749225078125 0.4199761765625 0.5670521374999999 0.41398659374999996 0.5531632484375 0.40929909374999995 0.5402002859375 0.40773659375 0.529089175 0.40929909374999995 0.5212188046875 0.41320534374999995 0.5147373234375 0.42101784374999995 0.5175151015624999 0.43403867656250006 0.5309410265625 0.44367409375 0.5527002859375 0.44601784375 0.56057065625 0.444715759375 0.5739965828125 0.43716367656250005 0.5767743609375 0.431434509375 0.5749225078125 0.4199761765625
0 0.5820771203125 0.01392958125 0.5444228328125 0.01191105625 0.530489384375 0.02926821875 0.5318782734374999 0.039945303125 0.5383597546875001 0.047236968750000004 0.5517856812499999 0.05114321875 0.567989384375 0.050882803125 0.5777116062500001 0.048539053124999995 0.59021160625 0.041507803125 0.59021160625 0.0295286359375 0.5820771203125 0.01392958125
