0 0.3129629625 0.07109375 0.3046296296875 0.06015625 0.2865740734375 0.05208333281250001 0.246759259375 0.058333332812500006 0.2370370375 0.06588541718749999 0.234259259375 0.0731770828125 0.23518518593749999 0.08255208281250001 0.24351851875000002 0.09453125 0.266203703125 0.103125 0.2759259265625 0.10338541718750001 0.29305555625 0.10052083281249999 0.30648148124999997 0.0934895828125 0.3138888890625 0.0809895828125 0.3129629625 0.07109375
0 0.29351851875 0.01796875 0.2800925921875 0.009375 0.26527777812500003 0.00625 0.24305555625 0.0078125 0.23009259218749997 0.0125 0.221296296875 0.01953125 0.2166666671875 0.0278645828125 0.2166666671875 0.0388020828125 0.222222221875 0.0471354171875 0.23101851875 0.053125 0.24722222187499998 0.05703125 0.2828703703125 0.05208333281250001 0.29722222187499997 0.03984375 0.29907407343750003 0.02734375 0.29351851875 0.01796875
0 0.377777778125 0.2481770828125 0.371296296875 0.2403645828125 0.3578703703125 0.2322916671875 0.34861111093749997 0.23020833281250003 0.32824074062499997 0.23020833281250003 0.3171296296875 0.2328125 0.3018518515625 0.2440104171875 0.29814814843750004 0.2549479171875 0.3 0.2638020828125 0.30740740781250003 0.2716145828125 0.31990740781250004 0.278125 0.3291666671875 0.2802083328125 0.35 0.28046875 0.3643518515625 0.2765625 0.3759259265625 0.2669270828125 0.3796296296875 0.25703125 0.377777778125 0.2481770828125
0 0.4981481484375 0.5377604171875 0.49259259218749996 0.5299479171875 0.48101851875 0.5239583328124999 0.45694444375 0.5208333328125 0.44120370312499996 0.5239583328124999 0.4296296296875 0.53046875 0.4240740734375 0.53671875 0.42314814843750004 0.5455729171875 0.4268518515625 0.5533854171875 0.4384259265625 0.5614583328125 0.45416666718750004 0.5651041671875 0.46851851875 0.5653645828125 0.48194444374999995 0.5619791671875001 0.4916666671875 0.5565104171875 0.4981481484375 0.54765625 0.4981481484375 0.5377604171875
0 0.51944444375 0.60390625 0.508796296875 0.5984375 0.496759259375 0.5958333328125 0.48101851875 0.5963541671875 0.46898148125 0.5994791671875 0.4546296296875 0.6080729171875 0.45 0.6158854171875 0.45185185156249996 0.62421875 0.4601851859375 0.6330729171875 0.47361111093749997 0.6380208328125 0.48981481406249994 0.6393229171875 0.503240740625 0.6380208328125 0.5175925921875 0.63203125 0.5268518515625 0.61796875 0.51944444375 0.60390625
0 0.6 0.7471354171875 0.5930555562500001 0.7427083328124999 0.56805555625 0.7395833328125 0.5453703703125 0.7455729171875001 0.5351851859375001 0.7549479171875 0.5333333328125 0.76171875 0.5361111109375 0.76953125 0.5449074078125 0.7765625 0.559722221875 0.7802083328125 0.5740740734374999 0.7799479171875 0.5893518515625 0.7765625 0.6 0.7700520828124999 0.60555555625 0.7559895828125 0.6 0.7471354171875
0 0.427777778125 0.3919270828125 0.42129629687500003 0.38203125 0.4125 0.3765625 0.3976851859375 0.3729166671875 0.3773148140625 0.3729166671875 0.3574074078125 0.3815104171875 0.3509259265625 0.3893229171875 0.35 0.40078125 0.3574074078125 0.40911458281249996 0.36805555624999997 0.41510416718750004 0.3773148140625 0.41822916718750003 0.3916666671875 0.4184895828125 0.40601851875 0.41510416718750004 0.4203703703125 0.40859375 0.4268518515625 0.40026041718750005 0.427777778125 0.3919270828125
0 0.43981481406249995 0.45026041718750004 0.43333333281249997 0.44296875 0.42268518593750004 0.4369791671875 0.41157407343749997 0.434375 0.3921296296875 0.4348958328125 0.371296296875 0.44348958281249995 0.365740740625 0.45234375 0.36666666718749996 0.46276041718750005 0.371296296875 0.46901041718750003 0.3828703703125 0.47552083281249996 0.39398148125 0.47864583281249995 0.41111111093749997 0.47838541718750005 0.42268518593750004 0.47552083281249996 0.43518518593750005 0.46796875 0.440740740625 0.45911458281249995 0.43981481406249995 0.45026041718750004
0 0.4606481484375 0.48333333281249996 0.44120370312499996 0.4791666671875 0.42731481406249994 0.48020833281249997 0.4143518515625 0.484375 0.40555555625000006 0.48932291718750004 0.4 0.49765625 0.40092592656250003 0.5059895828125 0.41018518593750003 0.51640625 0.41898148125 0.5208333328125 0.434259259375 0.52421875 0.46157407343749995 0.5192708328125 0.47592592656250005 0.5059895828125 0.471296296875 0.49036458281249995 0.4606481484375 0.48333333281249996
0 0.5861111109375 0.70859375 0.58148148125 0.70234375 0.565277778125 0.6947916671875001 0.540277778125 0.6932291671875 0.5273148140624999 0.6958333328124999 0.5166666671875 0.70234375 0.5111111109375 0.7096354171875 0.5111111109375 0.71640625 0.515740740625 0.72421875 0.5236111109375 0.7296875 0.5365740734375 0.7333333328125 0.553703703125 0.7341145828125 0.5708333328124999 0.73125 0.5796296296875 0.7263020828125 0.5870370375 0.71796875 0.5861111109375 0.70859375
0 0.6078703703125 0.79375 0.5800925921875 0.796875 0.5694444437499999 0.8018229171875 0.5620370375 0.81015625 0.5620370375 0.8174479171875 0.56851851875 0.8252604171875 0.5791666671875 0.8302083328125001 0.5981481484375 0.8315104171875 0.6208333328125 0.8255208328125001 0.6333333328124999 0.8127604171874999 0.628703703125 0.8002604171875 0.6078703703125 0.79375
0 0.42129629687500003 0.34140625 0.4148148140625 0.3341145828125 0.403240740625 0.328125 0.3921296296875 0.3255208328125 0.3754629625 0.3255208328125 0.35972222187499997 0.3296875 0.3518518515625 0.3346354171875 0.34444444375 0.3455729171875 0.3453703703125 0.3575520828125 0.3625 0.3692708328125 0.3754629625 0.371875 0.3925925921875 0.37161458281250004 0.4050925921875 0.36875 0.415740740625 0.3622395828125 0.42222222187499997 0.3518229171875 0.42129629687500003 0.34140625
0 0.565740740625 0.6440104171875001 0.5574074078125 0.6361979171875001 0.5375 0.6307291671875 0.5208333328125 0.6322916671875001 0.508796296875 0.6364583328125 0.4981481484375 0.6424479171875 0.49351851875 0.64921875 0.49351851875 0.6596354171875001 0.4981481484375 0.6658854171875 0.516203703125 0.6734375 0.5351851859375001 0.6731770828125 0.5449074078125 0.6713541671875001 0.559259259375 0.6643229171875 0.5666666671875 0.6518229171875001 0.565740740625 0.6440104171875001
0 0.3574074078125 0.16067708281249998 0.34861111093749997 0.153125 0.33194444375 0.1473958328125 0.31898148125 0.1463541671875 0.2888888890625 0.15390625 0.2833333328125 0.16328125 0.28148148125 0.17630208281249998 0.28611111093749997 0.1861979171875 0.3013888890625 0.19479166718750002 0.3143518515625 0.1979166671875 0.33148148125 0.19765625 0.3421296296875 0.19583333281249998 0.35648148125 0.1861979171875 0.3611111109375 0.1690104171875 0.3574074078125 0.16067708281249998
0 0.325 0.1138020828125 0.3134259265625 0.10625 0.2958333328125 0.1020833328125 0.2773148140625 0.1041666671875 0.2601851859375 0.11171875 0.2518518515625 0.12838541718750002 0.252777778125 0.13828125 0.2611111109375 0.1471354171875 0.2736111109375 0.1526041671875 0.28796296250000003 0.15390625 0.321759259375 0.1453125 0.3296296296875 0.13203125 0.3296296296875 0.1216145828125 0.325 0.1138020828125
