0 0.601064625 0.34147263125 0.597360921875 0.336264296875 0.584860921875 0.3287122140625 0.5635646249999999 0.32662888125 0.547823884375 0.32975388125 0.5399535140625 0.334701796875 0.535323884375 0.3404309640625 0.535323884375 0.34928513125 0.5459720328125 0.35944138125 0.55800906875 0.3630872140625 0.573286846875 0.3638684640625 0.5839349953124999 0.36256638125 0.59550906875 0.35761846406250003 0.601064625 0.35084763125 0.601064625 0.34147263125
0 0.5726785140625 0.8506761984375 0.5587896265625 0.8475511984375 0.5439748109375 0.8475511984375 0.5277711078125 0.8535407812500001 0.5212896265625 0.863436615625 0.5222155515625 0.8717699484375 0.5337896265625 0.8824470312500001 0.5620303671875 0.8853116156249999 0.5824007375 0.8764574484375001 0.5870303671875 0.8696866156249999 0.586104440625 0.8618741156249999 0.5726785140625 0.8506761984375
0 0.5685682187500001 0.8870955546875001 0.5352348859375 0.886574721875 0.5208830343749999 0.8956893046875001 0.5208830343749999 0.9097518046875 0.5343089609375 0.9199080546875 0.5481978484375001 0.9245955546875001 0.5625497015625001 0.924855971875 0.5819941453124999 0.9133976390624999 0.5838459968749999 0.899855971875 0.58106821875 0.8956893046875001 0.5685682187500001 0.8870955546875001
0 0.5977204359375 0.10429521562499999 0.5745722875 0.10012855000000001 0.55605376875 0.1037743828125 0.5500352515625 0.1071598 0.545405621875 0.114451465625 0.5472574734375 0.1264306328125 0.5574426578125 0.1342431328125 0.5912389546875 0.133982715625 0.6065167328125 0.1274723 0.608368584375 0.1134098 0.5977204359375 0.10429521562499999
0 0.5947007890625 0.18679169375 0.5822007890625 0.17403127812500002 0.5599785671874999 0.169343778125 0.5534970859375 0.1698646109375 0.5382193078124999 0.17741669375 0.5345156046875 0.1893958609375 0.5409970859375 0.20293752812500002 0.546089678125 0.20580211093749998 0.5622933828125001 0.2065833609375 0.5803489374999999 0.20580211093749998 0.5882193078125 0.20293752812500002 0.5947007890625 0.19772919375 0.5947007890625 0.18679169375
0 0.6000613171875 0.22558586875 0.5945057625 0.21673170156250002 0.573672428125 0.20917961875 0.5570057625 0.21022128437499998 0.5435798359375 0.21725253437499997 0.53895020625 0.22350253437499998 0.5435798359375 0.24016920156250002 0.55145020625 0.24459628437499997 0.5630242812499999 0.24589836874999998 0.5829316875 0.24459628437499997 0.594968725 0.24042961875 0.6000613171875 0.236002534375 0.6000613171875 0.22558586875
0 0.585453271875 0.557077759375 0.5780458640624999 0.5503069265625 0.5655458640625 0.54587984375 0.55813845625 0.54431734375 0.5377680859375 0.545359009375 0.523416234375 0.553952759375 0.5215643828125 0.5612444265625001 0.5243421609375 0.568015259375 0.5368421609375 0.576609009375 0.5525829015625 0.5802548437499999 0.5632310484375 0.5799944265625 0.5757310484375 0.5776506765625 0.58360141875 0.57322359375 0.5873051234375 0.566452759375 0.585453271875 0.557077759375
0 0.5967385328125 0.3817803171875 0.5860903859375 0.3752699 0.5638681625 0.3726657328125 0.5499792734375 0.3752699 0.5402570515625 0.3812594828125 0.535627421875 0.39480115 0.542108903125 0.40261365 0.5527570515625 0.40860323281250005 0.572664459375 0.41094698281250003 0.585164459375 0.4091240671875 0.597664459375 0.40261365 0.6013681625 0.38855114999999996 0.5967385328125 0.3817803171875
0 0.5815311859375 0.6983390296875001 0.5662534078125 0.6892244453124999 0.5412534078125 0.6887036125 0.5222719265625 0.6983390296875001 0.5222719265625 0.7118806953125 0.529679334375 0.7186515296875 0.5412534078125 0.7241202796875 0.567642296875 0.7238598625 0.579679334375 0.7186515296875 0.5843089640625 0.7134431953125 0.5852348890625 0.7056306953125 0.5815311859375 0.6983390296875001
0 0.5822244046875 0.9388861203125 0.5697244046875001 0.9287298703125 0.5567614421875 0.9250840374999999 0.5419466265625 0.9250840374999999 0.5289836640625001 0.9287298703125 0.52111329375 0.9336777875 0.5164836640625 0.9388861203125 0.5155577375 0.9498236203125 0.52111329375 0.958156953125 0.5299095890625 0.9631048703125 0.5544466265625 0.9649277875 0.5697244046875001 0.9610215375 0.5766688484375 0.9560736203125 0.5822244046875 0.9477402875 0.5822244046875 0.9388861203125
0 0.6014269765625 0.8134757015625 0.5898529031249999 0.8074861171875 0.565778828125 0.8059236171874999 0.55651956875 0.8080069515625 0.545871421875 0.8145173671875 0.540315865625 0.8223298671875 0.540315865625 0.8285798671875 0.552815865625 0.8402986171875 0.58013068125 0.8426423671875 0.599575125 0.835871534375 0.60513068125 0.8301423671875 0.6069825328125 0.820246534375 0.6014269765625 0.8134757015625
0 0.5739170015624999 0.76683398125 0.5604910750000001 0.7592818984374999 0.5401207046875001 0.7577193984374999 0.5174355187499999 0.7699589812500001 0.5146577421874999 0.7819381484375 0.5280836671875 0.79261523125 0.54104663125 0.7952193984375 0.5526207046875 0.79495898125 0.5651207046875 0.7920943984375 0.575768853125 0.7850631484374999 0.57947255625 0.7741256484375 0.5739170015624999 0.76683398125
0 0.5763796328125 0.645138909375 0.5587870406250001 0.645138909375 0.54860185625 0.6472222421875 0.5379537078125 0.6537326593749999 0.534250003125 0.667795159375 0.546750003125 0.679513909375 0.571287040625 0.6808159921875 0.5907314859375 0.6730034921875 0.5972129671874999 0.6605034921875 0.5856388921875 0.647743075 0.5763796328125 0.645138909375
0 0.574979140625 0.594949884375 0.5634050671875 0.5905228015625 0.5384050671875 0.5905228015625 0.5268309921875 0.5954707171875 0.5231272890625001 0.599637384375 0.5240532140624999 0.6142207171875 0.5384050671875 0.623856134375 0.562016178125 0.6267207171875 0.5735902515625 0.623856134375 0.5833124734374999 0.6168248843749999 0.5833124734374999 0.6017207171875001 0.574979140625 0.594949884375
0 0.5887973375 0.515754078125 0.5841677078124999 0.5105457453125 0.57074178125 0.5035144953125 0.5475936328125 0.5024728281249999 0.536482521875 0.5061186609375 0.5286121515625 0.512629078125 0.5286121515625 0.5256499109375 0.5350936328125 0.5334624109375 0.5420380781249999 0.536847828125 0.555001040625 0.539972828125 0.5647232625 0.5397124109375 0.5772232625 0.5373686609375 0.5850936328125 0.532941578125 0.5897232625 0.5256499109375 0.5887973375 0.515754078125
0 0.59952791875 0.24814492656249998 0.5884168078124999 0.24449909375 0.56156495625 0.24606159375 0.5509168078125 0.25621784375 0.5536945859375 0.2697595109375 0.56156495625 0.27522826093749997 0.5833242140625 0.27653034375 0.59952791875 0.27522826093749997 0.6111019921875 0.2697595109375 0.6111019921875 0.25621784375 0.59952791875 0.24814492656249998
0 0.58801253125 0.7343546203125 0.5815310484375 0.7275837875 0.5690310484375 0.7226358703125 0.5403273453125 0.7226358703125 0.5241236421875 0.731750453125 0.5222717890624999 0.744250453125 0.5250495671875 0.748937953125 0.5403273453125 0.757531703125 0.56301253125 0.758312953125 0.572734753125 0.755969203125 0.5843088265625 0.748937953125 0.5898643828125001 0.741125453125 0.58801253125 0.7343546203125
0 0.5890536515625 0.136797065625 0.5751647625 0.135234565625 0.5575721687499999 0.136797065625 0.5459980953125 0.1495574828125 0.550627725 0.164140815625 0.5557203171875 0.168047065625 0.5705351328125 0.168047065625 0.5922943921875 0.173515815625 0.60710920625 0.1636199828125 0.6080351328125 0.1558074828125 0.6024795765625 0.145390815625 0.5890536515625 0.136797065625
0 0.5738463031250001 0.41890694375 0.55069815625 0.41474027812500003 0.5377351921875 0.41734444374999996 0.5298648218750001 0.421771528125 0.5243092671875 0.4301048609375 0.5252351921875 0.43895902812500004 0.53958704375 0.45067777812500004 0.548846303125 0.45328194374999997 0.56319815625 0.453021528125 0.572920378125 0.4511986109375 0.5826426 0.4457298609375 0.5872722296874999 0.43114652812500004 0.5738463031250001 0.41890694375
0 0.5833124734374999 0.47097831718750005 0.575442103125 0.46498873281249997 0.5615532140624999 0.46030123281249996 0.5485902515625 0.4587387328125 0.537479140625 0.46030123281249996 0.5296087703125 0.46420748281249996 0.5231272890625001 0.47201998281249996 0.5259050671875001 0.48504081718750003 0.5393309921875 0.49467623281249995 0.5610902515625 0.4970199828125 0.568960621875 0.4957179 0.5823865484375 0.4881658171875 0.5851643265625001 0.48243665 0.5833124734374999 0.47097831718750005
0 0.5871110234375 0.051708946874999995 0.5494567359375 0.049690421875 0.5355232875 0.067047584375 0.5369121765625 0.07772466875 0.5433936578125 0.085016334375 0.5568195828125 0.088922584375 0.5730232875 0.08866216875 0.582745509375 0.08631841875 0.595245509375 0.07928716875 0.595245509375 0.0673080015625 0.5871110234375 0.051708946874999995
0 0.5865740734375 0.007291667187500001 0.565277778125 0.0067708328125 0.547222221875 0.0158854171875 0.54444444375 0.02265625 0.546296296875 0.03359375 0.55601851875 0.0427083328125 0.565277778125 0.0453125 0.58148148125 0.0455729171875 0.603703703125 0.0361979171875 0.6046296296875 0.0200520828125 0.5990740734375 0.0138020828125 0.5865740734375 0.007291667187500001
0 0.541203703125 0.9645833328125001 0.5273148140624999 0.9645833328125001 0.5125 0.96875 0.5009259265625 0.9830729171874999 0.503703703125 0.9997395828125001 0.5638888890625 0.9997395828125001 0.5675925921875 0.9924479171874999 0.5666666671875 0.98046875 0.5583333328125 0.9700520828125001 0.541203703125 0.9645833328125001
