0 0.31759259218749997 0.0002604171875 0.31851851875000003 0.0096354171875 0.3273148140625 0.01875 0.334722221875 0.021354167187500002 0.365740740625 0.02265625 0.3736111109375 0.0208333328125 0.3861111109375 0.0122395828125 0.384722221875 0 0.31759259218749997 0.0002604171875
0 0.377777778125 0.08203125 0.3625 0.0744791671875 0.34027777812500004 0.0739583328125 0.3231481484375 0.08359375 0.3203703703125 0.09140625 0.322222221875 0.1028645828125 0.334722221875 0.1130208328125 0.3523148140625 0.1171875 0.36296296250000004 0.1169270828125 0.3763888890625 0.1135416671875 0.3861111109375 0.10703125 0.3851851859375 0.09036458281250001 0.377777778125 0.08203125
0 0.384259259375 0.24765625 0.3754629625 0.24322916718749998 0.3634259265625 0.240625 0.35046296250000003 0.24114583281250002 0.3328703703125 0.246875 0.328703703125 0.2513020828125 0.32777777812500003 0.2674479171875 0.3324074078125 0.27421875 0.34120370312500004 0.2796875 0.3578703703125 0.2828125 0.3703703703125 0.2825520828125 0.38194444375000003 0.2796875 0.3925925921875 0.2716145828125 0.3925925921875 0.2575520828125 0.384259259375 0.24765625
0 0.45648148125 0.42890625 0.446759259375 0.425 0.41342592656250005 0.42760416718750005 0.40277777812500004 0.4330729171875 0.3990740734375 0.43828125 0.3990740734375 0.44713541718750005 0.403703703125 0.45546875 0.4171296296875 0.46302083281249995 0.434259259375 0.46484375 0.45046296249999995 0.46197916718750004 0.465740740625 0.45130208281249995 0.46296296249999996 0.43515625 0.45648148125 0.42890625
0 0.375 0.03359375 0.3625 0.025520832812499998 0.34861111093749997 0.0223958328125 0.3356481484375 0.0223958328125 0.32824074062499997 0.0239583328125 0.3129629625 0.03515625 0.3148148140625 0.0518229171875 0.322222221875 0.0596354171875 0.33101851875 0.0640625 0.34398148125 0.0666666671875 0.3574074078125 0.06640625 0.3671296296875 0.0640625 0.3768518515625 0.0575520828125 0.378703703125 0.0393229171875 0.375 0.03359375
0 0.427777778125 0.3596354171875 0.41805555625 0.3526041671875 0.40601851875 0.3489583328125 0.384722221875 0.35104166718749996 0.372222221875 0.3575520828125 0.36759259218749996 0.36484375 0.36851851875 0.3768229171875 0.375 0.38359375 0.383796296875 0.3885416671875 0.3990740734375 0.3903645828125 0.42453703750000005 0.3859375 0.434259259375 0.3763020828125 0.43333333281249997 0.3658854171875 0.427777778125 0.3596354171875
0 0.5324074078125001 0.6950520828125 0.5236111109375 0.690625 0.49305555625 0.6895833328125 0.4796296296875 0.6955729171875 0.47407407343749997 0.7013020828125 0.4731481484375 0.7143229171875001 0.48842592656250006 0.7270833328124999 0.49768518593750005 0.7296875 0.5120370375000001 0.7299479171875001 0.5351851859375001 0.72109375 0.540740740625 0.7143229171875001 0.540740740625 0.7059895828125 0.5324074078125001 0.6950520828125
0 0.5425925921875 0.75078125 0.5319444437499999 0.7447916671875 0.5097222218749999 0.7421875 0.496759259375 0.7453125 0.48518518593750004 0.7528645828125 0.48333333281249996 0.7674479171875 0.4879629625 0.7747395828125 0.4986111109375 0.78125 0.5078703703125 0.7833333328125 0.5259259265625 0.7830729171875 0.5356481484375 0.7802083328125 0.546296296875 0.7721354171875 0.547222221875 0.75703125 0.5425925921875 0.75078125
0 0.5578703703125 0.784375 0.54398148125 0.7822916671875 0.5273148140624999 0.7854166671875 0.5148148140625 0.7919270828125 0.5101851859375001 0.7981770828125 0.5111111109375 0.80703125 0.51851851875 0.81640625 0.528240740625 0.8223958328125001 0.5388888890625 0.8236979171875 0.5671296296875 0.8182291671874999 0.5768518515625 0.8075520828125 0.5703703703125 0.7908854171875 0.5578703703125 0.784375
0 0.628240740625 0.9723958328125001 0.6143518515624999 0.9739583328125001 0.5981481484375 0.9841145828125001 0.5962962968750001 0.9955729171875 0.5995370375 1 0.6620370375 0.9997395828125001 0.6601851859375001 0.9846354171874999 0.6555555562500001 0.9799479171875 0.6421296296875 0.9739583328125001 0.628240740625 0.9723958328125001
0 0.5791666671875 0.821875 0.5643518515625 0.8192708328125 0.5513888890625 0.8208333328125 0.534259259375 0.8268229171874999 0.5296296296875 0.8315104171875 0.527777778125 0.84140625 0.534259259375 0.8518229171874999 0.5458333328125 0.8598958328125 0.5703703703125 0.8611979171874999 0.5898148140624999 0.8533854171874999 0.5953703703125 0.8393229171875 0.5861111109375 0.82578125 0.5791666671875 0.821875
0 0.603240740625 0.8901041671875 0.590277778125 0.8864583328125001 0.5791666671875 0.8859375 0.565277778125 0.8885416671874999 0.553703703125 0.89453125 0.547222221875 0.90703125 0.5518518515624999 0.91796875 0.565277778125 0.9260416671874999 0.5754629625 0.9286458328125 0.5870370375 0.9283854171874999 0.6138888890625 0.9169270828125 0.615740740625 0.9059895828125001 0.6120370375 0.89765625 0.603240740625 0.8901041671875
0 0.5083333328124999 0.58828125 0.5009259265625 0.57734375 0.49305555625 0.5723958328125 0.4800925921875 0.5692708328125 0.46157407343749995 0.5697916671875001 0.44166666718750003 0.5809895828125 0.44166666718750003 0.59609375 0.45601851875 0.6083333328125 0.46805555625000006 0.6114583328125 0.4824074078125 0.61171875 0.49583333281249997 0.609375 0.5046296296875 0.60390625 0.509259259375 0.5971354171875001 0.5083333328124999 0.58828125
0 0.45 0.39609375 0.4393518515625 0.3895833328125 0.4254629625 0.3864583328125 0.40046296249999996 0.39010416718749996 0.3925925921875 0.39505208281250004 0.38703703749999996 0.40338541718750004 0.3888888890625 0.41328125 0.396296296875 0.42161458281249997 0.40601851875 0.42604166718750003 0.41851851875 0.42682291718750004 0.446759259375 0.4234375 0.45648148125 0.41328125 0.45555555625000005 0.40442708281249995 0.45 0.39609375
0 0.4370370375 0.30859375 0.43148148124999997 0.2986979171875 0.41805555625 0.2901041671875 0.396759259375 0.2875 0.384722221875 0.2901041671875 0.3703703703125 0.29765625 0.36666666718749996 0.30234375 0.36666666718749996 0.3111979171875 0.3703703703125 0.3190104171875 0.383796296875 0.328125 0.3958333328125 0.3307291671875 0.4074074078125 0.33046875 0.4199074078125 0.32864583281250004 0.43148148124999997 0.3231770828125 0.4370370375 0.31588541718749996 0.4370370375 0.30859375
0 0.39074074062499997 0.1950520828125 0.3796296296875 0.18046875 0.371759259375 0.1755208328125 0.35694444375 0.1708333328125 0.3421296296875 0.17135416718750002 0.325 0.1809895828125 0.3231481484375 0.1966145828125 0.328703703125 0.2049479171875 0.34305555625 0.2140625 0.36296296250000004 0.21796875 0.3736111109375 0.21614583281250002 0.3851851859375 0.21015625 0.39074074062499997 0.20390625 0.39074074062499997 0.1950520828125
0 0.3796296296875 0.14453125 0.3740740734375 0.13671875 0.36157407343750003 0.128125 0.3458333328125 0.1234375 0.3300925921875 0.1234375 0.3226851859375 0.12552083281249998 0.3111111109375 0.13359375 0.309259259375 0.14296875 0.3120370375 0.1502604171875 0.3203703703125 0.16015625 0.32824074062499997 0.16458333281249998 0.3421296296875 0.1682291671875 0.35648148125 0.16848958281249998 0.366203703125 0.1671875 0.377777778125 0.1611979171875 0.38148148125 0.1544270828125 0.3796296296875 0.14453125
0 0.4703703703125 0.47421875 0.4606481484375 0.46770833281249996 0.446759259375 0.4640625 0.42268518593750004 0.46875 0.4138888890625 0.47421875 0.41018518593750003 0.48046875 0.41111111093749997 0.49140625 0.41851851875 0.5002604171875 0.4291666671875 0.5046875 0.440740740625 0.50546875 0.46805555625000006 0.5005208328124999 0.47592592656250005 0.4908854171875 0.475 0.4809895828125 0.4703703703125 0.47421875
0 0.48981481406249994 0.5075520828125 0.48194444374999995 0.503125 0.4671296296875 0.5 0.4379629625 0.50703125 0.43240740781250003 0.5236979171875 0.43518518593750005 0.53046875 0.44398148125 0.5380208328125 0.459722221875 0.5432291671875 0.475 0.54296875 0.4865740734375 0.5401041671875 0.49629629687500004 0.53359375 0.4990740734375 0.5216145828125 0.48981481406249994 0.5075520828125
0 0.5208333328125 0.65 0.5115740734374999 0.6479166671875001 0.49583333281249997 0.6484375 0.48564814843750004 0.6510416671875 0.47407407343749997 0.6591145828125 0.47222222187499996 0.67421875 0.4796296296875 0.6830729171875001 0.4893518515625 0.6880208328124999 0.5175925921875 0.6893229171875 0.528240740625 0.6859375 0.5379629625 0.6778645828125 0.5379629625 0.6627604171875 0.5208333328125 0.65
0 0.6393518515625 0.9213541671875 0.628240740625 0.9177083328125001 0.6171296296875 0.9171875 0.590740740625 0.92734375 0.5851851859375 0.9330729171875 0.5833333328125 0.9419270828125 0.5879629625 0.9502604171875 0.596759259375 0.9567708328125001 0.6078703703125 0.959375 0.622222221875 0.9591145828125001 0.6347222218749999 0.9557291671874999 0.6453703703125 0.9486979171875 0.6490740734375 0.9330729171875 0.6393518515625 0.9213541671875
