0 0.3240740734375 0.1627604171875 0.3106481484375 0.15572916718750002 0.2995370375 0.153125 0.27638888906250003 0.15572916718750002 0.2648148140625 0.16171875 0.25740740781250004 0.1705729171875 0.25648148125 0.18203125 0.26203703749999996 0.1924479171875 0.271759259375 0.1984375 0.2870370375 0.20182291718749998 0.3236111109375 0.19479166718750002 0.33055555625 0.1846354171875 0.33055555625 0.1731770828125 0.3240740734375 0.1627604171875
0 0.3583333328125 0.21223958281250002 0.3518518515625 0.20442708281250002 0.3375 0.1973958328125 0.321759259375 0.1953125 0.2916666671875 0.20234375 0.2851851859375 0.2127604171875 0.2851851859375 0.22526041718749998 0.2898148140625 0.23307291718749998 0.30046296250000004 0.2401041671875 0.315277778125 0.2442708328125 0.33148148125 0.24453125 0.35 0.23932291718749998 0.3574074078125 0.23307291718749998 0.3611111109375 0.2231770828125 0.3583333328125 0.21223958281250002
0 0.41851851875 0.3846354171875 0.4148148140625 0.37838541718749996 0.403240740625 0.3703125 0.391203703125 0.36666666718749996 0.3754629625 0.3661458328125 0.35694444375 0.3703125 0.35 0.3747395828125 0.34351851875 0.3846354171875 0.3453703703125 0.3966145828125 0.35972222187499997 0.4078125 0.3736111109375 0.4109375 0.3916666671875 0.4106770828125 0.40416666718750005 0.40729166718750004 0.4129629625 0.4018229171875 0.41851851875 0.39296875 0.41851851875 0.3846354171875
0 0.5546296296875 0.68359375 0.5546296296875 0.6731770828125 0.5490740734374999 0.6658854171875 0.5384259265625 0.6604166671875 0.5273148140624999 0.6583333328125 0.516203703125 0.6583333328125 0.496759259375 0.6651041671875 0.4879629625 0.6700520828125 0.48425925937500003 0.6768229171875 0.48518518593750004 0.68671875 0.4916666671875 0.69453125 0.5023148140625 0.6994791671875 0.5175925921875 0.70078125 0.5300925921874999 0.7 0.541203703125 0.6963541671875 0.5509259265625001 0.6903645828125 0.5546296296875 0.68359375
0 0.60601851875 0.8182291671874999 0.5939814812499999 0.815625 0.5791666671875 0.8161458328125001 0.5643518515625 0.8197916671875 0.5490740734374999 0.8315104171875 0.55 0.8408854171875 0.5574074078125 0.8481770828125 0.571759259375 0.8536458328125001 0.5833333328125 0.85390625 0.60601851875 0.8484375 0.61851851875 0.8372395828125001 0.6148148140624999 0.8231770828125 0.60601851875 0.8182291671874999
0 0.26574074062499997 0.0278645828125 0.2541666671875 0.0208333328125 0.24212962968750001 0.017708332812499998 0.22916666718749998 0.0171875 0.2171296296875 0.0192708328125 0.20370370312500002 0.0268229171875 0.197222221875 0.03671875 0.197222221875 0.0471354171875 0.20972222187499998 0.0614583328125 0.22546296250000003 0.0666666671875 0.2379629625 0.06640625 0.2648148140625 0.060677082812500005 0.272222221875 0.05234375 0.2740740734375 0.04140625 0.26574074062499997 0.0278645828125
0 0.4175925921875 0.4205729171875 0.40694444374999994 0.4140625 0.38101851875000003 0.4109375 0.36898148124999997 0.4125 0.35925925937500003 0.41692708281249996 0.3490740734375 0.42734375 0.3481481484375 0.43671875 0.352777778125 0.44348958281249995 0.366203703125 0.45208333281249996 0.3763888890625 0.45520833281249995 0.3861111109375 0.45546875 0.40231481406249997 0.4526041671875 0.41851851875 0.44505208281249997 0.42314814843750004 0.42942708281249997 0.4175925921875 0.4205729171875
0 0.43333333281249997 0.48359375 0.4268518515625 0.47734375 0.41157407343749997 0.47083333281249995 0.3856481484375 0.47083333281249995 0.371296296875 0.47682291718750003 0.3648148140625 0.4830729171875 0.3648148140625 0.49817708281249995 0.372222221875 0.5059895828125 0.3828703703125 0.5114583328125 0.40648148125 0.5127604171875 0.416203703125 0.5109375 0.43148148124999997 0.50234375 0.43518518593750005 0.49609375 0.43333333281249997 0.48359375
0 0.4611111109375 0.52109375 0.45046296249999995 0.515625 0.4328703703125 0.5125 0.408796296875 0.5182291671875 0.4 0.5236979171875 0.3953703703125 0.5325520828125 0.4046296296875 0.5486979171875 0.416203703125 0.5541666671875001 0.4296296296875 0.5559895828125 0.45601851875 0.5515625 0.46851851875 0.53984375 0.4675925921875 0.5294270828125 0.4611111109375 0.52109375
0 0.5740740734374999 0.73671875 0.5694444437499999 0.7283854171875 0.5606481484375 0.7229166671875 0.5458333328125 0.71875 0.5300925921874999 0.7182291671875001 0.509259259375 0.7252604171875 0.5018518515625 0.7346354171875 0.5009259265625 0.7419270828125 0.5083333328124999 0.7513020828125 0.5171296296875 0.75625 0.540740740625 0.7591145828125 0.55694444375 0.7567708328125 0.565740740625 0.7528645828125 0.5731481484375001 0.7466145828124999 0.5740740734374999 0.73671875
0 0.3018518515625 0.09244791718749999 0.3018518515625 0.08151041718749999 0.29722222187499997 0.07421875 0.2800925921875 0.0640625 0.2671296296875 0.061979167187499996 0.2486111109375 0.0635416671875 0.2365740734375 0.0671875 0.22407407343750002 0.08151041718749999 0.225 0.09296875 0.23240740781250002 0.10234375 0.2384259265625 0.10625 0.253703703125 0.1091145828125 0.26527777812500003 0.10625 0.2893518515625 0.1046875 0.29814814843750004 0.0986979171875 0.3018518515625 0.09244791718749999
0 0.3759259265625 0.2940104171875 0.3625 0.2802083328125 0.346759259375 0.2755208328125 0.3273148140625 0.2755208328125 0.3138888890625 0.2799479171875 0.3018518515625 0.2903645828125 0.3018518515625 0.30703125 0.31990740781250004 0.32083333281250004 0.3365740734375 0.3239583328125 0.35 0.32369791718749996 0.365277778125 0.31979166718749996 0.375 0.31171875 0.377777778125 0.3049479171875 0.3759259265625 0.2940104171875
0 0.4888888890625 0.5674479171875 0.48425925937500003 0.56171875 0.471759259375 0.5552083328124999 0.4550925921875 0.5526041671875 0.4421296296875 0.5536458328125 0.43101851875 0.5572916671875 0.4203703703125 0.56484375 0.41944444374999995 0.58046875 0.434722221875 0.59375 0.45046296249999995 0.596875 0.4620370375 0.5966145828125 0.47268518593750003 0.5942708328124999 0.4861111109375 0.58671875 0.490740740625 0.5783854171875 0.4888888890625 0.5674479171875
0 0.5861111109375 0.7705729171875 0.5671296296875 0.7635416671875 0.5513888890625 0.7640625 0.5365740734375 0.7682291671875 0.5268518515625 0.7752604171875 0.522222221875 0.78359375 0.5240740734375 0.7924479171875001 0.5356481484375 0.8005208328125001 0.5504629624999999 0.8041666671875 0.5611111109375 0.80390625 0.5773148140625 0.8005208328125001 0.5916666671875 0.78828125 0.5916666671875 0.7794270828125 0.5861111109375 0.7705729171875
0 0.5004629625 0.6276041671875 0.4875 0.6244791671875001 0.4763888890625 0.6244791671875001 0.459722221875 0.628125 0.44907407343749994 0.6341145828125 0.44444444375 0.6393229171875 0.44351851875000003 0.6497395828125 0.45 0.6591145828125 0.46157407343749995 0.665625 0.47361111093749997 0.6682291671875 0.4888888890625 0.66796875 0.5129629625 0.6575520828125 0.5166666671875 0.6440104171875001 0.509259259375 0.6330729171875 0.5004629625 0.6276041671875
0 0.3166666671875 0.1315104171875 0.3148148140625 0.12213541718750001 0.309259259375 0.11536458281249999 0.2986111109375 0.10833333281249999 0.2884259265625 0.1057291671875 0.271759259375 0.1057291671875 0.25694444375000003 0.10833333281249999 0.24351851875000002 0.1169270828125 0.2398148140625 0.1236979171875 0.2416666671875 0.13619791718750002 0.2509259265625 0.1471354171875 0.2726851859375 0.1546875 0.2796296296875 0.1544270828125 0.29675925937500003 0.1515625 0.30740740781250003 0.14609375 0.3138888890625 0.13984375 0.3166666671875 0.1315104171875
