0 0.6375 0.728125 0.6226851859375 0.7244791671875 0.6023148140625 0.725 0.5875 0.7291666671875 0.5740740734374999 0.73671875 0.5694444437499999 0.7434895828125 0.5694444437499999 0.7513020828125 0.575 0.75859375 0.5865740734375 0.7645833328125 0.609259259375 0.76640625 0.63101851875 0.7614583328125 0.647222221875 0.74765625 0.6453703703125 0.73359375 0.6375 0.728125
0 0.5703703703125 0.5763020828125 0.5694444437499999 0.56015625 0.5578703703125 0.5510416671875 0.54305555625 0.546875 0.5273148140624999 0.546875 0.515277778125 0.55 0.497222221875 0.55859375 0.49259259218749996 0.56484375 0.4916666671875 0.57734375 0.49629629687500004 0.5846354171875 0.508796296875 0.5916666671875 0.5240740734375 0.59453125 0.5375 0.5942708328124999 0.553240740625 0.5901041671875 0.5648148140625 0.58359375 0.5703703703125 0.5763020828125
0 0.4046296296875 0.23359375 0.39444444375 0.21588541718749998 0.3828703703125 0.209375 0.36990740781250003 0.20572916718749998 0.3523148140625 0.2052083328125 0.3328703703125 0.209375 0.3240740734375 0.2143229171875 0.31759259218749997 0.22265625 0.3166666671875 0.23307291718749998 0.3203703703125 0.24192708281250003 0.328703703125 0.24973958281250003 0.3495370375 0.25729166718749996 0.35925925937500003 0.2580729171875 0.3754629625 0.2578125 0.38842592656249997 0.2536458328125 0.4018518515625 0.24348958281250002 0.4046296296875 0.23359375
0 0.216203703125 0 0.2236111109375 0.0067708328125 0.24351851875000002 0.01328125 0.240740740625 0.0315104171875 0.24722222187499998 0.04453125 0.253703703125 0.050260417187499996 0.27453703749999997 0.05989583281250001 0.3018518515625 0.06171875 0.3203703703125 0.054947917187499994 0.33148148125 0.0419270828125 0.328703703125 0.02734375 0.31851851875000003 0.0138020828125 0.309722221875 0.008854167187500001 0.29305555625 0.0041666671875 0.290277778125 0 0.216203703125 0
0 0.3518518515625 0.1236979171875 0.34444444375 0.11171875 0.3328703703125 0.103125 0.3143518515625 0.096875 0.2958333328125 0.096875 0.2773148140625 0.1020833328125 0.2666666671875 0.1096354171875 0.2629629625 0.11640625 0.2648148140625 0.13046875 0.272222221875 0.14140625 0.28472222187499996 0.15 0.3023148140625 0.1541666671875 0.31944444375000003 0.1544270828125 0.334722221875 0.1515625 0.3481481484375 0.14401041718750002 0.353703703125 0.1341145828125 0.3518518515625 0.1236979171875
0 0.49259259218749996 0.44296875 0.4888888890625 0.43723958281249997 0.471759259375 0.42760416718750005 0.4550925921875 0.425 0.4393518515625 0.42552083281249997 0.428240740625 0.4291666671875 0.4129629625 0.43984375 0.41111111093749997 0.45130208281249995 0.4138888890625 0.45911458281249995 0.43379629687500004 0.47239583281249997 0.44490740781250004 0.475 0.4620370375 0.47473958281249995 0.4791666671875 0.47083333281249995 0.4888888890625 0.4643229171875 0.49444444374999996 0.45494791718750005 0.49259259218749996 0.44296875
0 0.5268518515625 0.5309895828125 0.5231481484375 0.5216145828125 0.508796296875 0.5114583328125 0.48101851875 0.5078125 0.4671296296875 0.5104166671875 0.45277777812500003 0.5169270828125 0.44444444375 0.52578125 0.44351851875000003 0.5341145828125 0.44907407343749994 0.5450520828125 0.4606481484375 0.5526041671875 0.47453703750000004 0.55625 0.49259259218749996 0.5565104171875 0.503240740625 0.5546875 0.51944444375 0.5471354171875 0.525 0.5408854171875 0.5268518515625 0.5309895828125
0 0.609259259375 0.67265625 0.5976851859375001 0.6671875 0.5865740734375 0.6651041671875 0.56898148125 0.6661458328125 0.553240740625 0.6703125 0.54351851875 0.67734375 0.5379629625 0.6861979171875 0.5388888890625 0.69765625 0.5453703703125 0.70390625 0.5606481484375 0.7098958328125 0.5731481484375001 0.7111979171875 0.6023148140625 0.7052083328125 0.615740740625 0.6924479171875 0.615740740625 0.68203125 0.609259259375 0.67265625
0 0.4046296296875 0.27109375 0.3921296296875 0.2630208328125 0.3763888890625 0.2588541671875 0.3550925921875 0.2588541671875 0.3421296296875 0.2619791671875 0.33055555625 0.26953125 0.325 0.2783854171875 0.325 0.2888020828125 0.33148148125 0.29765625 0.3458333328125 0.3072916671875 0.35601851875 0.3104166671875 0.3731481484375 0.3106770828125 0.403703703125 0.30026041718749996 0.41111111093749997 0.29140625 0.41111111093749997 0.28203125 0.4046296296875 0.27109375
0 0.4268518515625 0.3486979171875 0.41944444374999995 0.3388020828125 0.408796296875 0.3328125 0.38842592656249997 0.328125 0.3754629625 0.32864583281250004 0.3518518515625 0.3372395828125 0.34444444375 0.3466145828125 0.3453703703125 0.3575520828125 0.35 0.36484375 0.365277778125 0.37552083281250004 0.3754629625 0.3786458328125 0.3916666671875 0.37890625 0.408796296875 0.37552083281250004 0.42222222187499997 0.3674479171875 0.427777778125 0.35859375 0.4268518515625 0.3486979171875
0 0.4601851859375 0.38984375 0.45046296249999995 0.3838541671875 0.4356481484375 0.3796875 0.42083333281249996 0.3786458328125 0.40416666718750005 0.38229166718749996 0.3916666671875 0.3888020828125 0.384259259375 0.3971354171875 0.384259259375 0.40546875 0.39351851875 0.41796875 0.40416666718750005 0.425 0.41805555625 0.42864583281249996 0.4268518515625 0.4283854171875 0.45324074062499997 0.42291666718750004 0.4620370375 0.41796875 0.46851851875 0.40390625 0.4601851859375 0.38984375
0 0.5935185187500001 0.63046875 0.584259259375 0.6216145828124999 0.571759259375 0.6166666671875001 0.558796296875 0.6145833328125 0.5421296296875 0.6151041671875 0.528240740625 0.6192708328125 0.5166666671875 0.6268229171875 0.5129629625 0.63203125 0.5138888890625 0.64453125 0.51944444375 0.6513020828125 0.5310185187500001 0.6578125 0.5476851859375 0.6609375 0.5611111109375 0.6606770828124999 0.5791666671875 0.65625 0.5898148140624999 0.6497395828125 0.5953703703125 0.6408854171875 0.5935185187500001 0.63046875
