0 0.5611111109375 0.24713541718749998 0.5574074078125 0.24192708281250003 0.5449074078125 0.234375 0.5236111109375 0.2322916671875 0.5078703703125 0.23541666718749998 0.5 0.2403645828125 0.4953703703125 0.24609375 0.4953703703125 0.2549479171875 0.50601851875 0.26510416718749996 0.51805555625 0.26875 0.5333333328125 0.26953125 0.54398148125 0.2682291671875 0.5555555562500001 0.26328125 0.5611111109375 0.2565104171875 0.5611111109375 0.24713541718749998
0 0.5384259265625 0.7479166671875 0.5245370375 0.7447916671875 0.5097222218749999 0.7447916671875 0.49351851875 0.75078125 0.48703703750000005 0.7606770828125 0.4879629625 0.7690104171875001 0.4995370375 0.7796875 0.527777778125 0.7825520828125 0.5481481484375 0.7736979171875 0.5527777781250001 0.7669270828125 0.5518518515624999 0.7591145828125 0.5384259265625 0.7479166671875
0 0.5291666671875 0.7833333328125 0.49583333281249997 0.7828125 0.48148148125 0.7919270828125 0.48148148125 0.8059895828125001 0.49490740781250003 0.8161458328125001 0.508796296875 0.8208333328125 0.5231481484375 0.82109375 0.5425925921875 0.8096354171875 0.54444444375 0.79609375 0.5416666671875 0.7919270828125 0.5291666671875 0.7833333328125
0 0.5578703703125 0.0135416671875 0.534722221875 0.009375 0.516203703125 0.013020832812499999 0.5101851859375001 0.01640625 0.50555555625 0.0236979171875 0.5074074078125 0.0356770828125 0.5175925921875 0.0434895828125 0.5513888890625 0.0432291671875 0.5666666671875 0.03671875 0.56851851875 0.02265625 0.5578703703125 0.0135416671875
0 0.5583333328125 0.09244791718749999 0.5458333328125 0.0796875 0.5236111109375 0.075 0.5171296296875 0.07552083281250001 0.5018518515625 0.0830729171875 0.4981481484375 0.09505208281250001 0.5046296296875 0.10859375 0.5097222218749999 0.11145833281249999 0.5259259265625 0.11223958281249999 0.54398148125 0.11145833281249999 0.5518518515624999 0.10859375 0.5583333328125 0.10338541718750001 0.5583333328125 0.09244791718749999
0 0.5638888890625 0.1309895828125 0.5583333328125 0.12213541718750001 0.5375 0.1145833328125 0.5208333328125 0.115625 0.5074074078125 0.12265625 0.502777778125 0.12890625 0.5074074078125 0.1455729171875 0.515277778125 0.15 0.5268518515625 0.1513020828125 0.546759259375 0.15 0.558796296875 0.1458333328125 0.5638888890625 0.14140625 0.5638888890625 0.1309895828125
0 0.5490740734374999 0.46276041718750005 0.5416666671875 0.45598958281249996 0.5291666671875 0.4515625 0.521759259375 0.45 0.5013888890625 0.45104166718750005 0.48703703750000005 0.4596354171875 0.48518518593750004 0.46692708281249995 0.4879629625 0.47369791718750004 0.5004629625 0.48229166718750005 0.516203703125 0.4859375 0.5268518515625 0.4856770828125 0.5393518515625 0.48333333281249996 0.547222221875 0.47890625 0.5509259265625001 0.4721354171875 0.5490740734374999 0.46276041718750005
0 0.5555555562500001 0.28567708281250004 0.5449074078125 0.2791666671875 0.5226851859375 0.2765625 0.508796296875 0.2791666671875 0.4990740734375 0.28515625 0.49444444374999996 0.2986979171875 0.5009259265625 0.3065104171875 0.5115740734374999 0.3125 0.5314814812499999 0.31484375 0.54398148125 0.31302083281250004 0.55648148125 0.3065104171875 0.5601851859375 0.29244791718749996 0.5555555562500001 0.28567708281250004
0 0.5453703703125 0.5955729171875 0.5300925921874999 0.5864583328124999 0.5050925921875 0.5859375 0.4861111109375 0.5955729171875 0.4861111109375 0.6091145828125 0.49351851875 0.6158854171875 0.5050925921875 0.6213541671875 0.5314814812499999 0.62109375 0.54351851875 0.6158854171875 0.5481481484375 0.6106770828125 0.5490740734374999 0.6028645828125 0.5453703703125 0.5955729171875
0 0.49629629687500004 0.9591145828125001 0.4865740734375 0.953125 0.4773148140625 0.9505208328125001 0.46527777812500004 0.9505208328125001 0.45416666718750004 0.953125 0.440740740625 0.9606770828125001 0.4361111109375 0.96796875 0.4361111109375 0.97734375 0.44166666718750003 0.9841145828125001 0.45324074062499997 0.9901041671874999 0.475 0.99140625 0.48564814843750004 0.9880208328125001 0.497222221875 0.98046875 0.5018518515625 0.9684895828125001 0.49629629687500004 0.9591145828125001
0 0.5425925921875 0.8361979171874999 0.5300925921874999 0.8260416671874999 0.5171296296875 0.8223958328125001 0.5023148140625 0.8223958328125001 0.4893518515625 0.8260416671874999 0.48148148125 0.8309895828125 0.4768518515625 0.8361979171874999 0.47592592656250005 0.8471354171875 0.48148148125 0.85546875 0.490277778125 0.8604166671875 0.5148148140625 0.8622395828125 0.5300925921874999 0.8583333328125 0.5370370375 0.8533854171874999 0.5425925921875 0.8450520828125001 0.5425925921875 0.8361979171874999
0 0.5620370375 0.71171875 0.5504629624999999 0.7057291671875 0.5263888890625 0.7041666671875 0.5171296296875 0.70625 0.50648148125 0.7127604171875 0.5009259265625 0.7205729171875 0.5009259265625 0.7268229171875 0.5134259265625001 0.7385416671875 0.540740740625 0.7408854171875 0.5601851859375 0.7341145828125 0.565740740625 0.7283854171875 0.5675925921875 0.7184895828125 0.5620370375 0.71171875
0 0.5379629625 0.6658854171875 0.5245370375 0.6583333328125 0.5041666671875 0.6567708328124999 0.48148148125 0.6690104171875 0.478703703125 0.6809895828125 0.4921296296875 0.6916666671875 0.5050925921875 0.6942708328125 0.5166666671875 0.6940104171875 0.5291666671875 0.6911458328125 0.5398148140625 0.6841145828124999 0.54351851875 0.6731770828125 0.5379629625 0.6658854171875
0 0.5384259265625 0.55 0.5208333328125 0.55 0.5106481484375001 0.5520833328125 0.5 0.55859375 0.49629629687500004 0.57265625 0.508796296875 0.584375 0.5333333328125 0.5856770828125 0.5527777781250001 0.5778645828125 0.559259259375 0.5653645828125 0.5476851859375 0.5526041671875 0.5384259265625 0.55
0 0.5370370375 0.49973958281249997 0.5254629625 0.4953125 0.5004629625 0.4953125 0.4888888890625 0.5002604171875 0.48518518593750004 0.5044270828124999 0.4861111109375 0.5190104171875001 0.5004629625 0.5286458328125 0.5240740734375 0.5315104171875 0.5356481484375 0.5286458328125 0.5453703703125 0.5216145828125 0.5453703703125 0.5065104171875 0.5370370375 0.49973958281249997
0 0.5490740734374999 0.42213541718750003 0.54444444375 0.41692708281249996 0.5310185187500001 0.40989583281249997 0.5078703703125 0.4088541671875 0.496759259375 0.4125 0.4888888890625 0.41901041718750004 0.4888888890625 0.43203125 0.4953703703125 0.43984375 0.5023148140625 0.44322916718750005 0.515277778125 0.44635416718750004 0.525 0.44609375 0.5375 0.44375 0.5453703703125 0.43932291718750005 0.55 0.43203125 0.5490740734374999 0.42213541718750003
0 0.5615740734375 0.1546875 0.5504629624999999 0.1510416671875 0.5236111109375 0.1526041671875 0.5129629625 0.1627604171875 0.515740740625 0.17630208281249998 0.5236111109375 0.1817708328125 0.5453703703125 0.18307291718750002 0.5615740734375 0.1817708328125 0.5731481484375001 0.17630208281249998 0.5731481484375001 0.1627604171875 0.5615740734375 0.1546875
0 0.509259259375 0.91796875 0.5046296296875 0.9106770828125 0.49398148124999997 0.9041666671874999 0.48194444374999995 0.9015625 0.46898148125 0.9020833328125001 0.458796296875 0.9052083328125 0.45 0.9111979171875 0.44351851875000003 0.92109375 0.44351851875000003 0.9278645828125001 0.45 0.9356770828125001 0.46157407343749995 0.9416666671874999 0.475 0.9434895828125001 0.49490740781250003 0.9395833328125001 0.502777778125 0.9346354171875 0.509259259375 0.92578125 0.509259259375 0.91796875
0 0.5240740734375 0.8690104171874999 0.515277778125 0.8640625 0.48842592656250006 0.8609375 0.46944444374999994 0.86953125 0.46481481406249997 0.87734375 0.46481481406249997 0.8872395828125 0.4703703703125 0.89453125 0.48101851875 0.9005208328125001 0.5018518515625 0.9033854171875 0.508796296875 0.9020833328125001 0.527777778125 0.89140625 0.5305555562500001 0.87734375 0.5240740734375 0.8690104171874999
0 0.5518518515624999 0.63359375 0.5453703703125 0.6268229171875 0.5328703703125 0.621875 0.5041666671875 0.621875 0.4879629625 0.6309895828125 0.4861111109375 0.6434895828125 0.4888888890625 0.6481770828125 0.5041666671875 0.6567708328124999 0.5268518515625 0.6575520828125 0.5365740734375 0.6552083328125 0.5481481484375 0.6481770828125 0.553703703125 0.6403645828125 0.5518518515624999 0.63359375
0 0.5495370375 0.0442708328125 0.5356481484375 0.0427083328125 0.51805555625 0.0442708328125 0.50648148125 0.05703125 0.5111111109375 0.07161458281250001 0.516203703125 0.07552083281250001 0.5310185187500001 0.07552083281250001 0.5527777781250001 0.0809895828125 0.5675925921875 0.07109375 0.56851851875 0.06328125 0.5629629625 0.052864582812500005 0.5495370375 0.0442708328125
0 0.5393518515625 0.3255208328125 0.516203703125 0.3213541671875 0.503240740625 0.3239583328125 0.4953703703125 0.3283854171875 0.48981481406249994 0.33671875 0.490740740625 0.3455729171875 0.5050925921875 0.3572916671875 0.5143518515625 0.35989583281250004 0.5287037031249999 0.3596354171875 0.5384259265625 0.3578125 0.5481481484375 0.35234375 0.5527777781250001 0.3377604171875 0.5393518515625 0.3255208328125
0 0.5453703703125 0.37578125 0.5375 0.3697916671875 0.5236111109375 0.3651041671875 0.5106481484375001 0.3635416671875 0.4995370375 0.3651041671875 0.4916666671875 0.3690104171875 0.48518518593750004 0.3768229171875 0.4879629625 0.38984375 0.5013888890625 0.3994791671875 0.5231481484375 0.4018229171875 0.5310185187500001 0.40052083281249995 0.54444444375 0.39296875 0.547222221875 0.38723958281250004 0.5453703703125 0.37578125
