0 0.48333333281249996 0.0111979171875 0.478703703125 0.00546875 0.46805555625000006 0.0005208328124999999 0.4328703703125 0.0005208328124999999 0.4240740734375 0.0044270828125 0.4175925921875 0.01171875 0.41851851875 0.025260417187500002 0.43194444374999996 0.0348958328125 0.4546296296875 0.0377604171875 0.4699074078125 0.034375 0.48055555625 0.0278645828125 0.48425925937500003 0.0221354171875 0.48333333281249996 0.0111979171875
0 0.471296296875 0.05390625 0.465740740625 0.0455729171875 0.45324074062499997 0.0385416671875 0.43101851875 0.0359375 0.415277778125 0.0395833328125 0.409259259375 0.0434895828125 0.4046296296875 0.050260417187499996 0.4046296296875 0.0596354171875 0.41898148125 0.0723958328125 0.44166666718750003 0.07682291718749999 0.4550925921875 0.0744791671875 0.46666666718750005 0.0684895828125 0.471296296875 0.0627604171875 0.471296296875 0.05390625
0 0.44444444375 0.0830729171875 0.43379629687500004 0.0760416671875 0.41157407343749997 0.0723958328125 0.3976851859375 0.0760416671875 0.3861111109375 0.0830729171875 0.38240740781250004 0.09765625 0.3861111109375 0.1049479171875 0.3949074078125 0.1109375 0.41342592656250005 0.11614583281249999 0.42222222187499997 0.1158854171875 0.4356481484375 0.1125 0.4453703703125 0.1059895828125 0.44907407343749994 0.09296875 0.44444444375 0.0830729171875
0 0.43981481406249995 0.1377604171875 0.43333333281249997 0.1278645828125 0.4254629625 0.12291666718750001 0.4125 0.11875 0.3986111109375 0.11875 0.384722221875 0.1223958328125 0.378703703125 0.1263020828125 0.3731481484375 0.13619791718750002 0.3740740734375 0.14505208281249998 0.38842592656249997 0.1588541671875 0.4148148140625 0.16171875 0.42731481406249994 0.1583333328125 0.4370370375 0.15182291718750002 0.440740740625 0.14505208281249998 0.43981481406249995 0.1377604171875
0 0.42222222187499997 0.16796875 0.4143518515625 0.1630208328125 0.38935185156249996 0.1598958328125 0.378240740625 0.1625 0.36666666718749996 0.1690104171875 0.3611111109375 0.1846354171875 0.365740740625 0.1924479171875 0.3773148140625 0.1989583328125 0.40555555625000006 0.20078125 0.41898148125 0.1963541671875 0.4268518515625 0.19088541718750002 0.42870370312499995 0.1768229171875 0.42222222187499997 0.16796875
0 0.42314814843750004 0.2221354171875 0.41851851875 0.21171875 0.408796296875 0.20572916718749998 0.3976851859375 0.2026041671875 0.3856481484375 0.20208333281250002 0.3708333328125 0.20572916718749998 0.3620370375 0.21119791718749997 0.35555555625 0.22421875 0.3638888890625 0.23723958281250002 0.3726851859375 0.2421875 0.39444444375 0.24505208281250002 0.408796296875 0.2421875 0.4166666671875 0.2377604171875 0.42314814843750004 0.22942708281250002 0.42314814843750004 0.2221354171875
0 0.4203703703125 0.26119791718749996 0.4078703703125 0.2546875 0.3921296296875 0.253125 0.3773148140625 0.2567708328125 0.36666666718749996 0.26328125 0.3648148140625 0.27682291718749996 0.36851851875 0.28515625 0.378240740625 0.2921875 0.3990740734375 0.2955729171875 0.4125 0.2942708328125 0.4240740734375 0.2888020828125 0.4296296296875 0.2747395828125 0.4203703703125 0.26119791718749996
0 0.415740740625 0.3138020828125 0.403240740625 0.3067708328125 0.39305555625 0.3036458328125 0.3773148140625 0.303125 0.366203703125 0.30625 0.35555555625 0.3138020828125 0.35555555625 0.3299479171875 0.3620370375 0.33828125 0.3763888890625 0.3453125 0.4 0.34609375 0.4106481484375 0.34375 0.42129629687500003 0.3361979171875 0.42129629687500003 0.32109375 0.415740740625 0.3138020828125
0 0.43055555625 0.3700520828125 0.42129629687500003 0.3575520828125 0.415277778125 0.3541666671875 0.4050925921875 0.35104166718749996 0.391203703125 0.3505208328125 0.372222221875 0.35703125 0.36666666718749996 0.3643229171875 0.36666666718749996 0.37578125 0.372222221875 0.3841145828125 0.383796296875 0.39114583281250004 0.391203703125 0.39375 0.4046296296875 0.39453125 0.4143518515625 0.3927083328125 0.4268518515625 0.3856770828125 0.43148148124999997 0.37838541718749996 0.43055555625 0.3700520828125
0 0.42592592656250006 0.42473958281249996 0.4125 0.41875 0.3976851859375 0.41770833281249997 0.3856481484375 0.41979166718750005 0.375 0.4252604171875 0.36944444375 0.43151041718750005 0.371296296875 0.44817708281249996 0.3856481484375 0.45625 0.4129629625 0.4575520828125 0.42268518593750004 0.45520833281249995 0.43333333281249997 0.44609375 0.43148148124999997 0.42994791718750003 0.42592592656250006 0.42473958281249996
0 0.475 0.48151041718750004 0.46944444374999994 0.47265625 0.458796296875 0.465625 0.44768518593750006 0.46302083281249995 0.4356481484375 0.46302083281249995 0.41111111093749997 0.47161458281249996 0.40648148125 0.47838541718750005 0.40648148125 0.48619791718750005 0.41111111093749997 0.49401041718750005 0.42268518593750004 0.5015625 0.44259259218749997 0.5044270828124999 0.4578703703125 0.5026041671875 0.46851851875 0.49765625 0.475 0.4908854171875 0.475 0.48151041718750004
0 0.46296296249999996 0.53046875 0.45416666718750004 0.525 0.440277778125 0.521875 0.41805555625 0.5270833328125 0.409259259375 0.53359375 0.40648148125 0.53984375 0.40648148125 0.5497395828125 0.41203703750000004 0.55703125 0.42175925937500003 0.5619791671875001 0.4361111109375 0.5643229171875 0.46157407343749995 0.559375 0.471296296875 0.5497395828125 0.4703703703125 0.53984375 0.46296296249999996 0.53046875
0 0.4916666671875 0.5768229171875 0.4861111109375 0.5684895828125 0.47453703750000004 0.5619791671875001 0.4606481484375 0.559375 0.4356481484375 0.5651041671875 0.425 0.57578125 0.425 0.58515625 0.43240740781250003 0.5950520828125 0.446759259375 0.6010416671875001 0.4574074078125 0.60078125 0.48101851875 0.5979166671875 0.4888888890625 0.5924479171875 0.49259259218749996 0.5856770828125 0.4916666671875 0.5768229171875
0 0.4981481484375 0.6080729171875 0.4828703703125 0.5984375 0.446759259375 0.6015625 0.4370370375 0.6091145828125 0.4379629625 0.6263020828125 0.45324074062499997 0.6354166671875 0.47592592656250005 0.6372395828124999 0.48564814843750004 0.6348958328125 0.5 0.6252604171875 0.5018518515625 0.61640625 0.4981481484375 0.6080729171875
0 0.49398148124999997 0.640625 0.48194444374999995 0.6380208328125 0.4606481484375 0.6411458328124999 0.45185185156249996 0.64609375 0.4453703703125 0.65390625 0.4453703703125 0.66328125 0.4509259265625 0.6721354171875 0.46157407343749995 0.6776041671875 0.475 0.68046875 0.5041666671875 0.6739583328125 0.5111111109375 0.66484375 0.5046296296875 0.6466145828125 0.49398148124999997 0.640625
0 0.5231481484375 0.68046875 0.5106481484375001 0.675 0.5004629625 0.6744791671875 0.4731481484375 0.6809895828125 0.4675925921875 0.68671875 0.46666666718750005 0.6986979171875001 0.471296296875 0.7080729171875 0.48101851875 0.7145833328125 0.49305555625 0.7182291671875001 0.509259259375 0.71796875 0.5287037031249999 0.71015625 0.5333333328125 0.70390625 0.5333333328125 0.69453125 0.5231481484375 0.68046875
0 0.5398148140625 0.7596354171875 0.5254629625 0.7473958328125 0.515277778125 0.7447916671875 0.49398148124999997 0.7453125 0.4768518515625 0.75546875 0.47407407343749997 0.7606770828125 0.47592592656250005 0.7721354171875 0.49120370312499995 0.7854166671875 0.5013888890625 0.7875 0.51944444375 0.7872395828125 0.5310185187500001 0.784375 0.5416666671875 0.7763020828125 0.54351851875 0.7674479171875 0.5398148140625 0.7596354171875
0 0.5731481484375001 0.8424479171874999 0.558796296875 0.8276041671875 0.5458333328125 0.8234375 0.5310185187500001 0.8234375 0.5171296296875 0.8270833328125 0.5111111109375 0.8309895828125 0.50555555625 0.83828125 0.50555555625 0.8486979171875 0.5120370375000001 0.85703125 0.5226851859375 0.8625 0.5300925921874999 0.8645833328125001 0.5481481484375 0.8643229171875 0.558796296875 0.8619791671874999 0.56851851875 0.8559895828125 0.5731481484375001 0.8497395828125001 0.5731481484375001 0.8424479171874999
0 0.5578703703125 0.8661458328125 0.5300925921874999 0.8645833328125001 0.5236111109375 0.865625 0.5111111109375 0.8731770828125001 0.50555555625 0.8815104171874999 0.50648148125 0.88984375 0.521759259375 0.9015625 0.5337962968750001 0.9046875 0.5453703703125 0.9044270828125001 0.55694444375 0.9015625 0.5703703703125 0.8934895828125 0.5731481484375001 0.8799479171875 0.5578703703125 0.8661458328125
0 0.58055555625 0.9346354171875 0.5699074078125 0.9223958328125 0.559722221875 0.9177083328125001 0.5421296296875 0.9161458328125001 0.5310185187500001 0.9182291671874999 0.51851851875 0.9263020828125 0.5138888890625 0.9330729171875 0.5148148140625 0.9419270828125 0.5263888890625 0.9541666671875 0.5375 0.9567708328125001 0.5527777781250001 0.95703125 0.5625 0.9557291671874999 0.5740740734374999 0.9502604171875 0.58055555625 0.9424479171875 0.58055555625 0.9346354171875
0 0.603703703125 0.96796875 0.5912037031249999 0.9598958328125 0.5800925921875 0.9572916671874999 0.559722221875 0.959375 0.5490740734374999 0.96484375 0.5425925921875 0.9721354171875 0.5416666671875 0.98046875 0.547222221875 0.9893229171875 0.55694444375 0.996875 0.5675925921875 0.9981770828125001 0.5976851859375001 0.9932291671875 0.6083333328125 0.9830729171874999 0.6083333328125 0.9752604171874999 0.603703703125 0.96796875
