0 0.2615740734375 0 0.25 0.01328125 0.2509259265625 0.02421875 0.25833333281250004 0.03984375 0.2648148140625 0.0466145828125 0.2856481484375 0.05625 0.309259259375 0.0575520828125 0.3328703703125 0.0515625 0.3453703703125 0.03984375 0.34351851875 0.0184895828125 0.3351851859375 0.0049479171874999995 0.3273148140625 0 0.2615740734375 0
0 0.4981481484375 0.36796875 0.4879629625 0.3518229171875 0.46805555625000006 0.34322916718749996 0.45231481406249996 0.3421875 0.43101851875 0.3463541671875 0.4203703703125 0.3513020828125 0.41203703750000004 0.36171875 0.41111111093749997 0.3731770828125 0.415740740625 0.3841145828125 0.4356481484375 0.3984375 0.446759259375 0.4010416671875 0.46296296249999996 0.40078125 0.48194444374999995 0.3963541671875 0.49259259218749996 0.38984375 0.4981481484375 0.3809895828125 0.4981481484375 0.36796875
0 0.5324074078125001 0.45338541718750003 0.527777778125 0.44348958281249995 0.515277778125 0.434375 0.5023148140625 0.43072916718750004 0.4865740734375 0.4302083328125 0.4671296296875 0.434375 0.45277777812500003 0.44244791718750004 0.44629629687500005 0.4518229171875 0.44629629687500005 0.46380208281249996 0.44907407343749994 0.47057291718750005 0.46157407343749995 0.48125 0.47361111093749997 0.48541666718750004 0.49351851875 0.48671875 0.5013888890625 0.48541666718750004 0.5106481484375001 0.47864583281249995 0.5296296296875 0.47161458281249996 0.5324074078125001 0.45338541718750003
0 0.627777778125 0.6158854171875 0.625 0.6080729171875 0.6134259265625001 0.5984375 0.5995370375 0.5947916671875 0.5856481484375 0.5942708328124999 0.5699074078125 0.596875 0.5555555562500001 0.6044270828125 0.5481481484375 0.61328125 0.546296296875 0.62890625 0.5509259265625001 0.6377604171875 0.5634259265625 0.6453125 0.5763888890625 0.6484375 0.5916666671875 0.6481770828125 0.6106481484375 0.64375 0.622222221875 0.6361979171875001 0.6268518515625 0.6283854171875001 0.627777778125 0.6158854171875
0 0.40648148125 0.1846354171875 0.3981481484375 0.1747395828125 0.383796296875 0.1666666671875 0.371759259375 0.1640625 0.34861111093749997 0.16354166718750002 0.3365740734375 0.1666666671875 0.3203703703125 0.17890625 0.315740740625 0.19140625 0.31759259218749997 0.20026041718749998 0.333796296875 0.2166666671875 0.3495370375 0.22291666718749997 0.371296296875 0.22369791718749998 0.384722221875 0.2203125 0.403703703125 0.21119791718749997 0.409259259375 0.20182291718749998 0.40648148125 0.1846354171875
0 0.427777778125 0.27109375 0.42314814843750004 0.2565104171875 0.4166666671875 0.24869791718749998 0.3986111109375 0.240625 0.3763888890625 0.23854166718749997 0.35601851875 0.2427083328125 0.3453703703125 0.24921875 0.3398148140625 0.2591145828125 0.3398148140625 0.26953125 0.34351851875 0.2809895828125 0.3546296296875 0.2903645828125 0.36990740781250003 0.2958333328125 0.3861111109375 0.2966145828125 0.3976851859375 0.2958333328125 0.4138888890625 0.2908854171875 0.425 0.2815104171875 0.427777778125 0.27109375
0 0.4703703703125 0.33151041718749996 0.46944444374999994 0.31796875 0.46296296249999996 0.3065104171875 0.4486111109375 0.29739583281250004 0.4263888890625 0.2927083328125 0.4050925921875 0.2958333328125 0.3879629625 0.3049479171875 0.38240740781250004 0.3111979171875 0.38240740781250004 0.3252604171875 0.3916666671875 0.3377604171875 0.40416666718750005 0.346875 0.41944444374999995 0.3497395828125 0.434722221875 0.3447916671875 0.459722221875 0.3411458328125 0.4675925921875 0.33671875 0.4703703703125 0.33151041718749996
0 0.603703703125 0.5606770828125 0.5990740734375 0.5528645828125 0.5856481484375 0.5453125 0.565277778125 0.5411458328125 0.5541666671875001 0.5416666671875 0.5375 0.5453125 0.525 0.5533854171875 0.5203703703125 0.5611979171875 0.51944444375 0.57265625 0.5259259265625 0.5841145828125 0.5375 0.5911458328125 0.5513888890625 0.5953125 0.56851851875 0.5955729171875 0.583796296875 0.5932291671875001 0.5990740734375 0.5841145828125 0.6046296296875 0.5736979171875001 0.603703703125 0.5606770828125
0 0.39444444375 0.1216145828125 0.3898148140625 0.1169270828125 0.36990740781250003 0.10729166718750001 0.36064814843750004 0.1057291671875 0.334722221875 0.10729166718750001 0.31944444375000003 0.1127604171875 0.309259259375 0.1236979171875 0.3083333328125 0.13723958281249998 0.3129629625 0.1513020828125 0.3203703703125 0.1580729171875 0.3356481484375 0.1640625 0.378703703125 0.1638020828125 0.39074074062499997 0.15963541718750002 0.4 0.1486979171875 0.40092592656250003 0.1388020828125 0.39444444375 0.1216145828125
0 0.58055555625 0.49453125 0.578703703125 0.48671875 0.571296296875 0.47890625 0.5550925921875 0.471875 0.5384259265625 0.47083333281249995 0.5171296296875 0.4760416671875 0.502777778125 0.48411458281249997 0.4981481484375 0.4888020828125 0.49629629687500004 0.5049479171875 0.4981481484375 0.5111979171875001 0.5106481484375001 0.5223958328125 0.5263888890625 0.5265625 0.54444444375 0.5268229171875001 0.55694444375 0.5244791671875 0.5740740734374999 0.5153645828125 0.5796296296875 0.50546875 0.58055555625 0.49453125
0 0.6601851859375001 0.6700520828125 0.6555555562500001 0.6638020828125 0.6486111109375 0.6598958328125 0.6328703703125 0.65625 0.6143518515624999 0.6567708328124999 0.5986111109375 0.6609375 0.5851851859375 0.6690104171875 0.5796296296875 0.6783854171875 0.5796296296875 0.6903645828125 0.5861111109375 0.69921875 0.6013888890625 0.7067708328125 0.61944444375 0.7080729171875 0.64305555625 0.703125 0.6546296296875 0.6955729171875 0.6601851859375001 0.6856770828125 0.6601851859375001 0.6700520828125
