0 0.5746290359375 0.26996163906250004 0.5709253328125 0.26475330625 0.5584253328125001 0.25720122343749996 0.5371290359375 0.2551178890625 0.5213882953125 0.25824288906250004 0.513517925 0.26319080625 0.5088882953125 0.26891997343749996 0.5088882953125 0.27777413906250004 0.5195364437500001 0.2879303890625 0.5315734812499999 0.2915762234375 0.5468512578125 0.29235747343749996 0.55749940625 0.2910553890625 0.56907348125 0.2861074734375 0.5746290359375 0.2793366390625 0.5746290359375 0.26996163906250004
0 0.55532326875 0.7688407140625 0.5414343796875001 0.7657157140625 0.5266195640625 0.7657157140625 0.5104158609375 0.7717052984375 0.5039343796875 0.78160113125 0.50486030625 0.7899344640625 0.5164343796875001 0.8006115484375 0.5446751203125 0.8034761312500001 0.565045490625 0.7946219640625001 0.5696751203125 0.78785113125 0.56874919375 0.78003863125 0.55532326875 0.7688407140625
0 0.546064009375 0.8033062843750001 0.5127306765624999 0.8027854515625 0.4983788234375 0.811900034375 0.4983788234375 0.8259625343750001 0.51180475 0.8361187843750001 0.5256936390625 0.840806284375 0.5400454906250001 0.8410667015625 0.5594899359375 0.82960836875 0.5613417875 0.8160667015625 0.5585640093750001 0.811900034375 0.546064009375 0.8033062843750001
0 0.5730780046875 0.0363678890625 0.54992985625 0.032201223437499996 0.5314113375 0.035847056249999995 0.52539281875 0.0392324734375 0.5207631890625 0.0465241390625 0.5226150421875 0.05850330625 0.5328002265625 0.06631580625 0.5665965234375 0.0660553890625 0.5818743015625001 0.0595449734375 0.583726153125 0.0454824734375 0.5730780046875 0.0363678890625
0 0.5718512578125 0.1162252359375 0.5593512578125 0.10346481874999999 0.5371290359375 0.09877731875 0.5306475546875 0.099298153125 0.5153697765625 0.10685023593750001 0.5116660734375 0.11882940312500001 0.5181475546875001 0.13237106875 0.523240146875 0.13523565312500002 0.5394438515625 0.136016903125 0.55749940625 0.13523565312500002 0.5653697765625 0.13237106875 0.5718512578125 0.1271627359375 0.5718512578125 0.1162252359375
0 0.5824759390625001 0.1538158234375 0.5769203843749999 0.1449616578125 0.5560870515625 0.1374095734375 0.539420384375 0.138451240625 0.5259944578125 0.14548249062500002 0.5213648281250001 0.151732490625 0.5259944578125 0.1683991578125 0.533864828125 0.17282624062500002 0.545438903125 0.1741283234375 0.5653463109375 0.17282624062500002 0.577383346875 0.1686595734375 0.5824759390625001 0.164232490625 0.5824759390625001 0.1538158234375
0 0.5642817078125 0.48273336875000006 0.5568743015625001 0.47596253437499997 0.5443743015625 0.4715354515625 0.5369668937500001 0.4699729515625 0.5165965234375001 0.47101461875000006 0.502244671875 0.47960836875 0.50039281875 0.48690003437499996 0.503170596875 0.49367086875000005 0.5156705968749999 0.5022646187500001 0.5314113375 0.5059104515625 0.5420594859375 0.505650034375 0.5545594859375 0.503306284375 0.56242985625 0.4988792015625 0.5661335609375 0.49210836875 0.5642817078125 0.48273336875000006
0 0.5707631890625 0.309454403125 0.5601150421875001 0.3029439859375 0.53789281875 0.30033981875000004 0.52400393125 0.3029439859375 0.5142817078124999 0.30893356875 0.509652078125 0.3224752359375 0.5161335609375 0.3302877359375 0.5267817078125 0.33627731875 0.546689115625 0.33862106875000003 0.559189115625 0.336798153125 0.571689115625 0.3302877359375 0.5753928187499999 0.3162252359375 0.5707631890625 0.309454403125
0 0.5622677125 0.61744800625 0.5469899359375 0.6083334234375 0.5219899359375 0.607812590625 0.503008453125 0.61744800625 0.503008453125 0.6309896734375 0.5104158609375 0.63776050625 0.5219899359375 0.6432292562499999 0.5483788234375 0.642968840625 0.5604158609375001 0.63776050625 0.565045490625 0.6325521734375 0.5659714171875 0.6247396734375 0.5622677125 0.61744800625
0 0.5594899359375 0.8561708859375001 0.5469899359375 0.8460146359375 0.534026971875 0.8423688031250001 0.5192121578125 0.8423688031250001 0.50624919375 0.8460146359375 0.4983788234375 0.850962553125 0.49374919375 0.8561708859375001 0.49282326875000004 0.8671083859375001 0.4983788234375 0.8754417203125 0.5071751203125 0.8803896359375001 0.5317121578124999 0.882212553125 0.5469899359375 0.878306303125 0.5539343796875 0.8733583859375 0.5594899359375 0.865025053125 0.5594899359375 0.8561708859375001
0 0.5772446718750001 0.7335939125000001 0.565670596875 0.7276043296875 0.5415965234375 0.7260418296875 0.5323372640625 0.7281251625 0.521689115625 0.7346355796874999 0.5161335609375 0.7424480796874999 0.5161335609375 0.7486980796875 0.5286335609374999 0.7604168296875 0.555948375 0.7627605796875 0.5753928187499999 0.7559897453125 0.580948375 0.7502605796874999 0.5828002265625 0.7403647453125 0.5772446718750001 0.7335939125000001
0 0.5582397218749999 0.6887116390625 0.544813796875 0.68115955625 0.5244434265625 0.67959705625 0.501758240625 0.6918366390624999 0.49898046249999994 0.70381580625 0.5124063890625 0.7144928890625 0.5253693515625 0.71709705625 0.5369434265625 0.7168366390625 0.5494434265625 0.71397205625 0.5600915734374999 0.70694080625 0.563795278125 0.69600330625 0.5582397218749999 0.6887116390625
0 0.55532326875 0.5709240484375 0.5377306765625 0.5709240484375 0.527545490625 0.57300738125 0.5168973421875 0.5795177984375 0.5131936390625 0.5935802984375 0.5256936390625 0.6052990484375 0.5502306765625 0.6066011312499999 0.5696751203125 0.5987886312499999 0.5761566015625 0.58628863125 0.564582528125 0.5735282140625 0.55532326875 0.5709240484375
0 0.552244671875 0.5216147 0.540670596875 0.5171876171875 0.5156705968749999 0.5171876171875 0.5040965234375 0.522135534375 0.50039281875 0.5263022 0.5013187453125 0.540885534375 0.5156705968749999 0.55052095 0.5392817078125 0.553385534375 0.5508557828125 0.55052095 0.5605780046875 0.5434897000000001 0.5605780046875 0.528385534375 0.552244671875 0.5216147
0 0.5625918703125 0.440206175 0.557962240625 0.4349978421875 0.5445363140625 0.4279665921875 0.5213881671875 0.42692492499999996 0.51027705625 0.430570759375 0.5024066859375 0.437081175 0.5024066859375 0.450102009375 0.5088881671875 0.457914509375 0.5158326109375 0.46129992499999994 0.5287955734375 0.464424925 0.538517796875 0.46416450937500003 0.551017796875 0.461820759375 0.5588881671875 0.45739367499999994 0.563517796875 0.450102009375 0.5625918703125 0.440206175
0 0.5784714171875 0.1775137046875 0.56736030625 0.173867871875 0.540508453125 0.175430371875 0.52986030625 0.185586621875 0.5326380828125 0.1991282875 0.540508453125 0.2045970375 0.5622677125 0.205899121875 0.5784714171875 0.2045970375 0.590045490625 0.1991282875 0.590045490625 0.185586621875 0.5784714171875 0.1775137046875
0 0.5244667640625 0.9398438765625 0.519837134375 0.9325522093749999 0.5091889859375 0.92604179375 0.49715194843750005 0.9234376265625001 0.4841889859375 0.9239584593749999 0.4740038015625 0.9270834593749999 0.4652075046875 0.93307304375 0.4587260234375 0.9429688765625001 0.4587260234375 0.949739709375 0.4652075046875 0.957552209375 0.47678157812500005 0.9635417937499999 0.49020750468749996 0.965364709375 0.5101149125 0.961458459375 0.5179852828125 0.95651054375 0.5244667640625 0.9476563765625 0.5244667640625 0.9398438765625
0 0.5409714171875 0.8870811937499999 0.5321751203125 0.8821332765625 0.50532326875 0.8790082765625 0.48634178749999996 0.8876020265625 0.4817121578125 0.8954145265625 0.4817121578125 0.9053103609375001 0.4872677125 0.9126020265625 0.4979158609375 0.9185916109375001 0.51874919375 0.9214561937499999 0.5256936390625 0.9201541109375 0.5446751203125 0.9094770265625 0.5474528984375 0.8954145265625 0.5409714171875 0.8870811937499999
0 0.56874919375 0.6573710593750001 0.5622677125 0.6506002265624999 0.5497677125 0.6456523093750001 0.5210640093750001 0.6456523093750001 0.50486030625 0.65476689375 0.503008453125 0.66726689375 0.50578623125 0.67195439375 0.5210640093750001 0.6805481437500001 0.54374919375 0.68132939375 0.5534714171874999 0.67898564375 0.565045490625 0.67195439375 0.570601046875 0.66414189375 0.56874919375 0.6573710593750001
0 0.5664343796875 0.06899924843750001 0.552545490625 0.0674367484375 0.5349528984374999 0.06899924843750001 0.5233788234375 0.081759665625 0.528008453125 0.09634299843750001 0.5331010468749999 0.10024924843750001 0.5479158609375 0.10024924843750001 0.5696751203125 0.1057179984375 0.5844899359375 0.095822165625 0.5854158609375 0.088009665625 0.57986030625 0.0775929984375 0.5664343796875 0.06899924843750001
0 0.5579389031249999 0.3473959953125 0.5347907546874999 0.34322932968750003 0.5218277921875 0.3458334953125 0.513957421875 0.3502605796875 0.508401865625 0.3585939125 0.5093277921875 0.36744807968750004 0.52367964375 0.37916682968750004 0.532938903125 0.3817709953125 0.5472907546875 0.3815105796875 0.5570129765625 0.37968766249999997 0.5667351984375 0.3742189125 0.571364828125 0.35963557968750004 0.5579389031249999 0.3473959953125
0 0.5605780046875 0.3957541828125 0.552707634375 0.3897646 0.5388187453125 0.3850771 0.5258557828125 0.3835146 0.5147446718750001 0.3850771 0.5068743015625 0.38898335 0.50039281875 0.39679585 0.503170596875 0.40981668281249994 0.5165965234375001 0.4194521 0.5383557828125001 0.42179584999999997 0.546226153125 0.42049376718750003 0.559652078125 0.4129416828125 0.56242985625 0.4072125171875 0.5605780046875 0.3957541828125
0 0.5143518515625 0 0.515740740625 0.010677082812499999 0.522222221875 0.01796875 0.5356481484375 0.021875 0.5518518515624999 0.021614582812499998 0.5615740734375 0.0192708328125 0.5740740734374999 0.0122395828125 0.5740740734374999 0.0002604171875 0.5143518515625 0
0 0.48101851875 0.9729166671874999 0.47268518593750003 0.975 0.45370370312499997 0.98671875 0.45231481406249996 1 0.515740740625 0.9997395828125001 0.515740740625 0.98515625 0.509259259375 0.9783854171874999 0.496759259375 0.9734375 0.48101851875 0.9729166671874999
