0 0.41851851875 0.33515625 0.408796296875 0.3291666671875 0.39398148125 0.325 0.3791666671875 0.3239583328125 0.3634259265625 0.3265625 0.353703703125 0.33151041718749996 0.34351851875 0.3419270828125 0.3425925921875 0.3497395828125 0.34722222187499996 0.3575520828125 0.36157407343750003 0.36770833281250004 0.3763888890625 0.371875 0.3851851859375 0.37161458281250004 0.403240740625 0.36770833281250004 0.41851851875 0.3611979171875 0.42592592656250006 0.34765625 0.41851851875 0.33515625
0 0.43981481406249995 0.40911458281249996 0.43240740781250003 0.39921875 0.41805555625 0.3921875 0.40416666718750005 0.3895833328125 0.3875 0.39010416718749996 0.3754629625 0.39375 0.365740740625 0.3997395828125 0.3611111109375 0.40703125 0.3611111109375 0.41484375 0.36666666718749996 0.42369791718750005 0.3773148140625 0.43125 0.391203703125 0.43541666718750005 0.40648148125 0.43515625 0.42453703750000005 0.4302083328125 0.43240740781250003 0.4252604171875 0.43981481406249995 0.41692708281249996 0.43981481406249995 0.40911458281249996
0 0.46851851875 0.44557291718750003 0.45231481406249996 0.43854166718750004 0.440277778125 0.43645833281249996 0.42731481406249994 0.4369791671875 0.41342592656250005 0.44114583281249997 0.4018518515625 0.44817708281249996 0.397222221875 0.4565104171875 0.4 0.4653645828125 0.41203703750000004 0.47734375 0.42175925937500003 0.48125 0.43518518593750005 0.48255208281249995 0.46157407343749995 0.478125 0.4731481484375 0.47057291718750005 0.477777778125 0.46015625 0.46851851875 0.44557291718750003
0 0.5962962968750001 0.67890625 0.590740740625 0.6705729171875 0.578240740625 0.6640625 0.559722221875 0.6604166671875 0.54398148125 0.6609375 0.5337962968750001 0.6635416671875001 0.522222221875 0.6700520828125 0.5166666671875 0.67890625 0.51851851875 0.6877604171875 0.5259259265625 0.69609375 0.5337962968750001 0.7 0.5504629624999999 0.703125 0.5620370375 0.7028645828125 0.5708333328124999 0.7020833328125 0.5861111109375 0.6966145828125 0.5953703703125 0.68828125 0.5962962968750001 0.67890625
0 0.371296296875 0.1971354171875 0.3620370375 0.1846354171875 0.3476851859375 0.1765625 0.3365740734375 0.1739583328125 0.315277778125 0.1739583328125 0.30509259218749996 0.1765625 0.290740740625 0.18671875 0.2870370375 0.1924479171875 0.28796296250000003 0.20234375 0.296296296875 0.21380208281250002 0.30509259218749996 0.21979166718749998 0.32083333281250004 0.2244791671875 0.3379629625 0.22526041718749998 0.35046296250000003 0.2234375 0.3638888890625 0.21796875 0.371296296875 0.2091145828125 0.371296296875 0.1971354171875
0 0.5018518515625 0.49973958281249997 0.4953703703125 0.49036458281249995 0.4865740734375 0.48541666718750004 0.459722221875 0.48020833281249997 0.4375 0.4848958328125 0.427777778125 0.49036458281249995 0.42222222187499997 0.50390625 0.4268518515625 0.5122395828124999 0.4421296296875 0.5229166671875001 0.45694444375 0.5260416671875 0.47222222187499996 0.52578125 0.48564814843750004 0.5223958328125 0.49629629687500004 0.5158854171875 0.5018518515625 0.5080729171875 0.5018518515625 0.49973958281249997
0 0.5314814812499999 0.5778645828125 0.5259259265625 0.56953125 0.516203703125 0.5630208328124999 0.5041666671875 0.5598958328125 0.48842592656250006 0.559375 0.47453703750000004 0.5614583328125 0.459259259375 0.5690104171875 0.45277777812500003 0.5763020828125 0.45277777812500003 0.5861979171875 0.4671296296875 0.5989583328125 0.48194444374999995 0.603125 0.497222221875 0.6033854171875 0.508796296875 0.6020833328124999 0.525 0.59453125 0.5314814812499999 0.5861979171875 0.5314814812499999 0.5778645828125
0 0.6041666671875 0.7130208328125 0.5912037031249999 0.709375 0.571759259375 0.709375 0.5550925921875 0.7140625 0.5416666671875 0.7263020828125 0.540740740625 0.73515625 0.547222221875 0.7434895828125 0.55694444375 0.7484375 0.5731481484375001 0.7513020828125 0.6013888890625 0.7463541671875 0.615740740625 0.7330729171875 0.6120370375 0.7184895828125 0.6041666671875 0.7130208328125
0 0.30740740781250003 0.04765625 0.2995370375 0.0432291671875 0.2800925921875 0.0380208328125 0.26435185156249996 0.0395833328125 0.2513888890625 0.04375 0.24259259218749998 0.04921875 0.23611111093749998 0.06119791718749999 0.2370370375 0.07109375 0.246296296875 0.08255208281250001 0.259722221875 0.0890625 0.2731481484375 0.09140625 0.308796296875 0.0848958328125 0.31851851875000003 0.07161458281250001 0.315740740625 0.05703125 0.30740740781250003 0.04765625
0 0.3518518515625 0.11119791718750001 0.3481481484375 0.10234375 0.3361111109375 0.09244791718749999 0.3143518515625 0.08541666718749999 0.30601851875 0.08541666718749999 0.2865740734375 0.08854166718749999 0.275 0.09296875 0.26944444375 0.10234375 0.26851851875 0.1127604171875 0.2740740734375 0.12421875 0.28472222187499996 0.1307291671875 0.30416666718749996 0.1369791671875 0.3203703703125 0.13723958281249998 0.33194444375 0.1354166671875 0.3453703703125 0.12838541718750002 0.3518518515625 0.12005208281249999 0.3518518515625 0.11119791718750001
0 0.41944444374999995 0.2971354171875 0.4129629625 0.2872395828125 0.40046296249999996 0.2791666671875 0.3763888890625 0.2744791671875 0.36064814843750004 0.2765625 0.34444444375 0.2830729171875 0.33703703749999997 0.2940104171875 0.33703703749999997 0.30234375 0.34351851875 0.3111979171875 0.3513888890625 0.3161458328125 0.38055555625 0.32265625 0.3958333328125 0.3203125 0.41111111093749997 0.3138020828125 0.41851851875 0.3049479171875 0.41944444374999995 0.2971354171875
0 0.5740740734374999 0.61171875 0.5666666671875 0.6033854171875 0.55694444375 0.5984375 0.54398148125 0.5958333328125 0.5273148140624999 0.596875 0.5125 0.6015625 0.5009259265625 0.6091145828125 0.497222221875 0.61484375 0.4981481484375 0.6252604171875 0.503703703125 0.6315104171875 0.51898148125 0.6380208328125 0.5379629625 0.6393229171875 0.5495370375 0.6380208328125 0.5634259265625 0.6322916671875001 0.5740740734374999 0.6205729171875001 0.5740740734374999 0.61171875
0 0.6416666671875 0.77265625 0.628240740625 0.7666666671875 0.6180555562500001 0.7651041671875001 0.60694444375 0.7651041671875001 0.5893518515625 0.76875 0.5740740734374999 0.7768229171875001 0.5703703703125 0.7825520828125 0.5722222218749999 0.7919270828125 0.5828703703125 0.8005208328125001 0.5995370375 0.8041666671875 0.609259259375 0.80390625 0.6291666671875 0.7994791671875 0.6416666671875 0.79140625 0.6453703703125 0.7856770828124999 0.6416666671875 0.77265625
0 0.29814814843750004 0.00078125 0.21898148125 0 0.2166666671875 0.014322917187500001 0.22685185156249998 0.0283854171875 0.24583333281250003 0.0359375 0.2666666671875 0.0377604171875 0.2856481484375 0.0322916671875 0.29814814843750004 0.0231770828125 0.3009259265625 0.017447917187500002 0.29814814843750004 0.00078125
