0 0.6259259265625 0.87578125 0.622222221875 0.86796875 0.6143518515624999 0.8625 0.590277778125 0.859375 0.5773148140625 0.8614583328125001 0.5638888890625 0.8674479171874999 0.5574074078125 0.8736979171874999 0.55648148125 0.8830729171874999 0.5583333328125 0.88828125 0.56898148125 0.8973958328125 0.58194444375 0.9010416671874999 0.597222221875 0.90078125 0.608796296875 0.8984375 0.621296296875 0.89140625 0.6259259265625 0.8846354171874999 0.6259259265625 0.87578125
0 0.5620370375 0.71796875 0.5555555562500001 0.7111979171875 0.5476851859375 0.7072916671875 0.5328703703125 0.7046875 0.5115740734374999 0.7098958328125 0.49444444374999996 0.7205729171875 0.49444444374999996 0.7330729171875 0.5018518515625 0.7434895828125 0.5134259265625001 0.7494791671875001 0.5305555562500001 0.75078125 0.5458333328125 0.7484375 0.559259259375 0.7419270828125 0.565740740625 0.7299479171875001 0.5620370375 0.71796875
0 0.42870370312499995 0.43203125 0.416203703125 0.42291666718750004 0.4050925921875 0.41979166718750005 0.391203703125 0.4192708328125 0.3736111109375 0.42291666718750004 0.3648148140625 0.42786458281249995 0.35925925937500003 0.43515625 0.35925925937500003 0.44505208281249997 0.371759259375 0.45989583281249996 0.3856481484375 0.46458333281249997 0.396296296875 0.4643229171875 0.41898148125 0.4625 0.43240740781250003 0.45286458281249997 0.434259259375 0.44296875 0.42870370312499995 0.43203125
0 0.43518518593750005 0.47890625 0.42592592656250006 0.46901041718750003 0.4171296296875 0.46510416718750003 0.383796296875 0.46510416718750003 0.365740740625 0.4752604171875 0.3638888890625 0.49036458281249995 0.3703703703125 0.49817708281249995 0.38194444375000003 0.5052083328125 0.39305555625 0.5083333328124999 0.4046296296875 0.50859375 0.4236111109375 0.5036458328125 0.43333333281249997 0.4986979171875 0.4379629625 0.4908854171875 0.43518518593750005 0.47890625
0 0.447222221875 0.53671875 0.440740740625 0.52890625 0.43009259218749996 0.5229166671875001 0.41898148125 0.5203125 0.403240740625 0.5203125 0.39027777812500003 0.5239583328124999 0.38055555625 0.53046875 0.378703703125 0.5481770828125 0.3921296296875 0.5614583328125 0.4050925921875 0.5651041671875 0.4203703703125 0.56484375 0.43379629687500004 0.5619791671875001 0.4453703703125 0.55390625 0.44907407343749994 0.54609375 0.447222221875 0.53671875
0 0.47222222187499996 0.5705729171875 0.46157407343749995 0.5651041671875 0.44768518593750006 0.5619791671875001 0.4356481484375 0.5625 0.416203703125 0.5697916671875001 0.40833333281249995 0.58046875 0.41018518593750003 0.58984375 0.4175925921875 0.59921875 0.4328703703125 0.60625 0.43981481406249995 0.6059895828124999 0.47268518593750003 0.5994791671875 0.48148148125 0.5893229171875001 0.4796296296875 0.58046875 0.47222222187499996 0.5705729171875
0 0.5833333328125 0.78515625 0.5768518515625 0.7736979171875 0.5671296296875 0.7677083328125 0.5541666671875001 0.7645833328125 0.5384259265625 0.7640625 0.5263888890625 0.7671875 0.5138888890625 0.7763020828125 0.5120370375000001 0.7919270828125 0.5236111109375 0.8036458328125 0.5518518515624999 0.80859375 0.5671296296875 0.8067708328125001 0.578703703125 0.8002604171875 0.5833333328125 0.7940104171875 0.5833333328125 0.78515625
0 0.5018518515625 0.6221354171875 0.4888888890625 0.6065104171875 0.4671296296875 0.6010416671875001 0.43981481406249995 0.60703125 0.43148148124999997 0.6138020828124999 0.4296296296875 0.6236979171875 0.43518518593750005 0.63515625 0.44490740781250004 0.6432291671875 0.45601851875 0.6463541671875 0.47222222187499996 0.6471354171875 0.48472222187499997 0.6453125 0.49629629687500004 0.6393229171875 0.5018518515625 0.63203125 0.5018518515625 0.6221354171875
0 0.5166666671875 0.6783854171875 0.5004629625 0.6723958328124999 0.4865740734375 0.671875 0.471759259375 0.675 0.459259259375 0.68203125 0.4546296296875 0.6872395828125 0.45370370312499997 0.6950520828125 0.4583333328125 0.7059895828125 0.465740740625 0.7122395828125 0.4763888890625 0.7166666671875 0.49444444374999996 0.71796875 0.5259259265625 0.7049479171875 0.527777778125 0.6971354171875 0.5240740734375 0.6861979171875 0.5166666671875 0.6783854171875
0 0.5990740734375 0.8236979171875 0.5935185187500001 0.8158854171875 0.584722221875 0.8104166671874999 0.5745370375000001 0.8083333328125001 0.5504629624999999 0.8104166671874999 0.5379629625 0.8174479171875 0.5314814812499999 0.82734375 0.5324074078125001 0.8372395828125001 0.5398148140625 0.8466145828125 0.55601851875 0.853125 0.56851851875 0.8528645828125001 0.5856481484375 0.8494791671874999 0.5944444437499999 0.84453125 0.6009259265625 0.8356770828125001 0.5990740734375 0.8236979171875
0 0.39074074062499997 0.34765625 0.384259259375 0.34036458281250004 0.3726851859375 0.334375 0.36157407343750003 0.3317708328125 0.34120370312500004 0.3322916671875 0.32777777812500003 0.3377604171875 0.3203703703125 0.34453125 0.31851851875000003 0.3544270828125 0.322222221875 0.3643229171875 0.33055555625 0.37265625 0.34305555625 0.3786458328125 0.371296296875 0.3799479171875 0.3856481484375 0.37552083281250004 0.39351851875 0.3684895828125 0.3953703703125 0.3591145828125 0.39074074062499997 0.34765625
0 0.322222221875 0.14401041718750002 0.3138888890625 0.13359375 0.2995370375 0.1260416671875 0.2875 0.12395833281249999 0.2726851859375 0.125 0.25694444375000003 0.1296875 0.2453703703125 0.1403645828125 0.2453703703125 0.1497395828125 0.252777778125 0.1622395828125 0.266203703125 0.1697916671875 0.2759259265625 0.1705729171875 0.3134259265625 0.1666666671875 0.321296296875 0.1611979171875 0.3240740734375 0.15546875 0.322222221875 0.14401041718750002
0 0.29351851875 0.03046875 0.284259259375 0.01953125 0.2726851859375 0.0125 0.258796296875 0.009375 0.24398148125 0.0098958328125 0.23194444375 0.013020832812499999 0.2175925921875 0.02265625 0.21574074062499998 0.0377604171875 0.2203703703125 0.0471354171875 0.2328703703125 0.05625 0.24398148125 0.060416667187499995 0.2601851859375 0.06171875 0.2800925921875 0.058333332812500006 0.290740740625 0.0518229171875 0.2953703703125 0.0450520828125 0.29351851875 0.03046875
0 0.3425925921875 0.22265625 0.33194444375 0.21614583281250002 0.31990740781250004 0.2125 0.30509259218749996 0.2130208328125 0.2893518515625 0.2171875 0.28148148125 0.2221354171875 0.2759259265625 0.23151041718749998 0.2768518515625 0.24140625 0.2833333328125 0.2518229171875 0.29305555625 0.25833333281250004 0.3083333328125 0.2606770828125 0.3226851859375 0.2552083328125 0.3449074078125 0.253125 0.3518518515625 0.24348958281250002 0.3425925921875 0.22265625
0 0.375 0.26953125 0.36851851875 0.26223958281250004 0.35601851875 0.2557291671875 0.3449074078125 0.2536458328125 0.3226851859375 0.2552083328125 0.309259259375 0.26119791718749996 0.3046296296875 0.26640625 0.30648148124999997 0.28671875 0.3148148140625 0.2955729171875 0.3236111109375 0.3 0.34027777812500004 0.3036458328125 0.3546296296875 0.3033854171875 0.3634259265625 0.3015625 0.378703703125 0.2903645828125 0.3796296296875 0.28046875 0.375 0.26953125
0 0.2953703703125 0.10338541718750001 0.28611111093749997 0.0908854171875 0.2726851859375 0.08333333281250001 0.2625 0.08125 0.246759259375 0.08125 0.2365740734375 0.0838541671875 0.225 0.0908854171875 0.221296296875 0.09765625 0.221296296875 0.1106770828125 0.22777777812500002 0.12005208281249999 0.2365740734375 0.1260416671875 0.2518518515625 0.1299479171875 0.271759259375 0.125 0.2865740734375 0.12395833281249999 0.296296296875 0.11432291718750001 0.2953703703125 0.10338541718750001
0 0.3379629625 0.1924479171875 0.3324074078125 0.18046875 0.3240740734375 0.17265625 0.3106481484375 0.1677083328125 0.2726851859375 0.17135416718750002 0.2648148140625 0.1768229171875 0.2601851859375 0.1846354171875 0.2601851859375 0.19296875 0.2675925921875 0.20390625 0.2791666671875 0.2114583328125 0.29444444375 0.2143229171875 0.321759259375 0.2104166671875 0.3333333328125 0.20390625 0.33703703749999997 0.19869791718750002 0.3379629625 0.1924479171875
