0 0.35951093125 0.4838746515625 0.35256648749999997 0.48726006875000005 0.3507146359375 0.49194756875 0.355807228125 0.49585381875 0.36367759843749997 0.4961142359375 0.37108500625 0.4929892359375 0.37293685781249997 0.4883017359375 0.3696961171875 0.48491631875 0.35951093125 0.4838746515625
0 0.45281555156250003 0.5178099109375001 0.44355629218750003 0.51833074375 0.4375377734375 0.52223699375 0.4384636984375 0.52692449375 0.448648884375 0.53004949375 0.45547646875 0.5292483390625 0.4597599953125 0.5248411609375 0.45883406875 0.5201536609375 0.45281555156250003 0.5178099109375001
0 0.3320891453125 0.6598352078125 0.3260706265625 0.6621789578125 0.3232928484375 0.6689497906249999 0.32745951562500003 0.6728560406249999 0.33625581250000003 0.673637290625 0.34273729375 0.671033125 0.345515071875 0.6653039578125 0.339496553125 0.660356040625 0.3320891453125 0.6598352078125
0 0.3543113671875 0.5301895546875001 0.3473669234375 0.5330541375 0.345515071875 0.5377416375 0.3506076640625 0.5416478875 0.3566261828125 0.5424291375 0.364959515625 0.5398249703125 0.3668113671875 0.5340958046875001 0.361718775 0.5307103875 0.3543113671875 0.5301895546875001
0 0.42503786093749996 0.6546269109375 0.42087119375000004 0.65749149375 0.42179711875 0.66217899375 0.43290823125 0.665824828125 0.4421674890625 0.6632206609375 0.44309341562500004 0.65749149375 0.4352230453125 0.654106078125 0.42503786093749996 0.6546269109375
0 0.44248818593749994 0.4803086625 0.4364696671875 0.483173246875 0.43461781562499996 0.48733991249999997 0.43971040781250004 0.49176699687500003 0.447580778125 0.49254824687500004 0.453136334375 0.490985746875 0.4559141125 0.4852565796875 0.45082151875000004 0.48082949687500004 0.44248818593749994 0.4803086625
0 0.4309493640625 0.641806209375 0.42493084531249997 0.645191625 0.42400491875 0.6493582921875001 0.4290975125 0.653785375 0.438819734375 0.654566625 0.44622714218750004 0.649879125 0.44622714218750004 0.645712459375 0.4374308453125 0.641285375 0.4309493640625 0.641806209375
0 0.43109149999999996 0.6847946734375 0.42414705625 0.688180090625 0.42414705625 0.6944300906249999 0.42923964843749995 0.6972946734375001 0.43803594375 0.697555090625 0.4426655734375 0.695992590625 0.44544335156250003 0.689742590625 0.43757298125000005 0.6847946734375 0.43109149999999996 0.6847946734375
0 0.34077851406250004 0.628144190625 0.33383406875 0.630487940625 0.3310562921875 0.636737940625 0.3370748109375 0.641165025 0.34587110625 0.6414254406250001 0.3542044390625 0.636737940625 0.3532785140625 0.632571275 0.34818592187499997 0.6291858578125 0.34077851406250004 0.628144190625
0 0.3526016953125 0.5729371578125 0.3438053984375 0.5784059078125 0.34473132500000003 0.582572575 0.35167576875 0.585957990625 0.3595461390625 0.585697575 0.366027621875 0.582051740625 0.366027621875 0.5768434078125 0.3618609546875 0.573978825 0.3526016953125 0.5729371578125
0 0.4431285375 0.528265896875 0.4352581671875 0.532172146875 0.43433224062500003 0.53581798125 0.44035075937499996 0.5402450640625001 0.45007298125000006 0.5405054812500001 0.4574803890625 0.53581798125 0.45655446250000004 0.5316513140625 0.45077493906250005 0.52820941875 0.4431285375 0.528265896875
0 0.42980953906249997 0.5683700578125 0.41916139062499996 0.571755475 0.4173095390625 0.577484640625 0.4233280578125 0.581390890625 0.43027250156249996 0.582172140625 0.437679909375 0.579047140625 0.43953176093749996 0.5738388078125001 0.43675398281250005 0.570192975 0.42980953906249997 0.5683700578125
0 0.349539603125 0.597496153125 0.3425951578125 0.6008815703125 0.3416692328125 0.6055690703125001 0.3486136765625 0.6105169874999999 0.3574099734375 0.610777403125 0.362965528125 0.6081732375 0.3638914546875 0.6019232375 0.356021084375 0.597496153125 0.349539603125 0.597496153125
0 0.327459559375 0.6780643859375 0.3223669671875 0.681449803125 0.3232928921875 0.6882206359375 0.3302373375 0.6910852203125 0.3381077078125 0.690824803125 0.3445891890625 0.6871789703125 0.3445891890625 0.681449803125 0.33671881875 0.677543553125 0.327459559375 0.6780643859375
