0 0.3735597609375 0.41747387500000005 0.365104303125 0.42153516875 0.3632524515625 0.42622266875000003 0.36834504375 0.43012891875000003 0.3762154140625 0.43038933593750006 0.383622821875 0.4272643359375 0.38547467343749997 0.42257683593750006 0.3822339328125 0.41919141875 0.3735597609375 0.41747387500000005
0 0.46193389218750003 0.4511231953125 0.45267463281250003 0.45164402812500004 0.4466561140625 0.45555027812500004 0.44758203906249994 0.46023777812500005 0.457767225 0.46336277812500004 0.46459481093750005 0.4625616234375 0.4688783359375 0.4581544453125 0.46795241093750006 0.4534669453125 0.46193389218750003 0.4511231953125
0 0.34462700625 0.59186604375 0.3386084875 0.5942097937499999 0.33583070937500004 0.6009806281250001 0.3399973765625 0.6048868781250001 0.348793671875 0.605668128125 0.355275153125 0.6030639609375 0.35805293125 0.59733479375 0.3520344125 0.592386878125 0.34462700625 0.59186604375
0 0.3685588578125 0.461258578125 0.3616144125 0.46412316093749995 0.35976256093750003 0.46881066093749996 0.364855153125 0.47271691093749996 0.370873671875 0.47349816093749997 0.37920700625000003 0.47089399375 0.3815383625 0.466206471875 0.3759662640625 0.46177941093749997 0.3685588578125 0.461258578125
0 0.4381455671875 0.58537530625 0.43397890156249996 0.5882398890625 0.4349048265625 0.5929273890625 0.4460159375 0.5965732218750001 0.455275196875 0.59396905625 0.4562011234375 0.5882398890625 0.44833075312500004 0.5848544718750001 0.4381455671875 0.58537530625
0 0.454456025 0.4139425359375 0.44843750625 0.4168071203125 0.4465856546875 0.4209737859375 0.45167824687499997 0.42540087031249996 0.45954861718749995 0.42618212031249997 0.4651041734375 0.4246196203125 0.4678819515625 0.41889045312500006 0.46278935781249997 0.41446337031249997 0.454456025 0.4139425359375
0 0.44462700625 0.5728752203125 0.4386084875 0.5762606359375 0.4376825609375 0.580427303125 0.44277515312500004 0.5848543859374999 0.4524973765625 0.5856356359375 0.4599047828125 0.5809481359374999 0.4599047828125 0.5767814703125 0.4511084875 0.5723543859375 0.44462700625 0.5728752203125
0 0.4436293171875 0.61650491875 0.436684871875 0.619890334375 0.436684871875 0.6261403343749999 0.44177746406249996 0.62900491875 0.4505737609375 0.629265334375 0.45520339062500004 0.627702834375 0.45798116875000006 0.621452834375 0.4501107984375 0.61650491875 0.4436293171875 0.61650491875
0 0.3555959375 0.55953383125 0.34865149375 0.56187758125 0.345873715625 0.56812758125 0.351892234375 0.5725546640625 0.36068853125 0.57281508125 0.3690218640625 0.56812758125 0.3680959375 0.5639609140624999 0.3630033453125 0.5605754984375 0.3555959375 0.55953383125
0 0.36627929375 0.5040061687499999 0.357482996875 0.50947491875 0.35840892343749997 0.5136415859375 0.3653533671875 0.517027003125 0.3732237375 0.5167665859375 0.37970521874999996 0.513120753125 0.37970521874999996 0.5079124187499999 0.375538553125 0.5050478359375 0.36627929375 0.5040061687499999
0 0.4568060921875 0.46254103124999996 0.448935721875 0.46644728124999996 0.4480097953125 0.470093115625 0.4540283140625 0.4745201984375 0.4637505359375 0.474780615625 0.47115794375000003 0.470093115625 0.47023201718749996 0.4659264484375 0.46445249375 0.46248455312500003 0.4568060921875 0.46254103124999996
0 0.44519680937499995 0.49687417343750007 0.43454866093750005 0.5002595890625 0.432696809375 0.5059887562500001 0.43871532812499997 0.5098950062500001 0.44565977187500005 0.51067625625 0.4530671796875 0.50755125625 0.45491903125000005 0.5023429234375001 0.45214125312500003 0.4986970890625 0.44519680937499995 0.49687417343750007
0 0.36150752812500003 0.5288857578124999 0.35456308281250004 0.5322711734375 0.3536371578125 0.5369586734375 0.36058160156249996 0.541906590625 0.3693778984375 0.5421670078124999 0.37493345312500004 0.539562840625 0.3758593796875 0.5333128406250001 0.367989009375 0.5288857578124999 0.36150752812500003 0.5288857578124999
0 0.3411371578125 0.60977463125 0.3360445640625 0.613160046875 0.336970490625 0.61993088125 0.3439149359375 0.6227954640625 0.35178530625 0.622535046875 0.35826678749999996 0.6188892140625 0.35826678749999996 0.613160046875 0.3503964171875 0.609253796875 0.3411371578125 0.60977463125
