0 0.342986075 0.5748709765625 0.3351157046875 0.579298059375 0.3351157046875 0.5850272265625 0.3420601484375 0.5884126421875 0.3508564453125 0.5881522265625 0.35733792656249996 0.5845063921875 0.35733792656249996 0.5782563921875 0.3503934828125 0.5748709765625 0.342986075 0.5748709765625
0 0.43193013750000003 0.6036826453125 0.42405976718750005 0.6070680609375 0.42220791562500004 0.611234728125 0.4273005078125 0.6172243109375 0.43609680468749995 0.6185263953125 0.44443013750000004 0.6154013953125 0.44535606406249995 0.609672228125 0.4434351375 0.6060345671875 0.43193013750000003 0.6036826453125
0 0.3394429859375 0.618526509375 0.33248403125000003 0.61916178125 0.329706253125 0.6259326140625 0.3366506984375 0.631922196875 0.34544699375 0.6316617812499999 0.35192847656250004 0.628015946875 0.35285440156250003 0.62072428125 0.346689765625 0.6182353125 0.3394429859375 0.618526509375
0 0.4269452875 0.6185133109375001 0.4190749171875 0.6224195609375001 0.4190749171875 0.6276278937499999 0.4250934359375 0.6320549765625 0.43574158281250003 0.63231539375 0.44129713906249995 0.6297112265625 0.4422230640625 0.6224195609375001 0.43527862031250003 0.6179924765625 0.4269452875 0.6185133109375001
0 0.42525404843750003 0.5719096375 0.41923553125 0.5742533875 0.416457753125 0.5794617203125 0.42247627187500003 0.5854513031249999 0.42942071562499995 0.586232553125 0.435902196875 0.5841492203125 0.438679975 0.5778992203125 0.4335873828125 0.572951303125 0.42525404843750003 0.5719096375
0 0.3294950375 0.6691509796874999 0.330265628125 0.6754369859375 0.33758635 0.677604578125 0.3472188703125 0.67847161875 0.35161309375 0.6736812203125 0.3506871671875 0.6689937203125 0.3456776625 0.664599021875 0.3354093890625 0.6661291375 0.3294950375 0.6691509796874999
0 0.40327634375 0.6645068249999999 0.40373930625 0.666850575 0.4076031140625 0.670296759375 0.4137679515625 0.6733313921875 0.42301514687499997 0.672464353125 0.42735041718750005 0.6665901578125 0.4264244921875 0.6619026578125 0.41485041718750004 0.6585172421875 0.40836893593749996 0.6600797421875 0.40327634375 0.6645068249999999
0 0.3301316671875 0.6895407609374999 0.3231872234375 0.6944886765625 0.3231872234375 0.70021784375 0.33105759375 0.7051657609374999 0.33985388906249997 0.7049053437499999 0.346335371875 0.70178034375 0.34818722343749997 0.6944886765625 0.340316853125 0.6895407609374999 0.3301316671875 0.6895407609374999
0 0.3192737140625 0.7251200328125 0.3159420625 0.7312853828125 0.318530196875 0.7362358078125 0.326812253125 0.7385654328125 0.33640334375 0.7368387828125 0.339181121875 0.7337137828125 0.33640334375 0.7264221156249999 0.3303848265625 0.7240783656249999 0.3192737140625 0.7251200328125
0 0.4146413296875 0.7372488140625 0.40894744375 0.741908040625 0.40900091875 0.7471809828125 0.4201426921875 0.750558434375 0.43091901562499996 0.7490428359375 0.43122314062499995 0.7419726484375 0.430170128125 0.73928721875 0.4224057296875 0.7372488140625 0.4146413296875 0.7372488140625
0 0.313849746875 0.7547965984375 0.307831228125 0.7592236812500001 0.308757153125 0.765994515625 0.318452596875 0.769072559375 0.3282015984375 0.7665153484375 0.3309793765625 0.76391118125 0.3291275234375 0.75609868125 0.3221830796875 0.75375493125 0.313849746875 0.7547965984375
0 0.4115171984375 0.7488445203125 0.4045727546875 0.7558757703125 0.41244312499999997 0.7623861875 0.41938756875000005 0.7631674375 0.4267949765625 0.7605632703125 0.42864682812500005 0.7527507703125 0.42355423593749997 0.7493653546875 0.4115171984375 0.7488445203125
0 0.31404117187499997 0.7713637703125 0.30709672656250003 0.7747491859375 0.30709672656250003 0.7825616859375 0.3131152453125 0.785947103125 0.3219115421875 0.7856866859375 0.3293189484375 0.7809991859375 0.330244875 0.775790853125 0.3251522828125 0.771884603125 0.31404117187499997 0.7713637703125
0 0.4138414734375 0.7819033734375 0.411063696875 0.78554920625 0.4133785109375 0.7915387890625001 0.42221209843749996 0.794126759375 0.43328591875000005 0.7912783734375 0.43421184375 0.78398670625 0.4281933265625 0.78008045625 0.41985999218750003 0.7795596234375 0.4138414734375 0.7819033734375
