0 0.39350628906249996 0.294039328125 0.3850508328125 0.2981006234375 0.38319898124999996 0.3027881234375 0.3882915734375 0.3066943734375 0.39616194375 0.3069547890625 0.40356935156249996 0.3038297890625 0.40542120312499996 0.2991422890625 0.40218046249999995 0.2957568734375 0.39350628906249996 0.294039328125
0 0.4818803765625 0.31774975781250003 0.4726211171875 0.3182705921875 0.46660259843749996 0.3221768421875 0.467528525 0.3268643421875 0.47771371093750004 0.3299893421875 0.48454129375 0.3291881859375 0.48882482187500004 0.3247810078125 0.48789889531249997 0.3200935078125 0.4818803765625 0.31774975781250003
0 0.37084233437499997 0.45849258906249996 0.364823815625 0.4608363390625 0.3620460375 0.467607171875 0.3662127046875 0.471513421875 0.3750090015625 0.472294671875 0.3814904828125 0.4696905046875 0.3842682609375 0.4639613390625 0.3782497421875 0.45901342187500005 0.37084233437499997 0.45849258906249996
0 0.3896451671875 0.33044999375 0.3827007234375 0.33331457656249996 0.380848871875 0.3380020765625 0.38594146406249996 0.3419083265625 0.3919599828125 0.3426895765625 0.40029331562500003 0.3400854109375 0.4026246734375 0.3353978875 0.397052575 0.3309708265625 0.3896451671875 0.33044999375
0 0.45866194374999997 0.44526908593750003 0.4544952765625 0.44813366875 0.45542120312499995 0.45282116875 0.46653231406250006 0.45646700156250003 0.47579157343749995 0.4538628359375 0.4767174984375 0.44813366875 0.468847128125 0.44474825156250003 0.45866194374999997 0.44526908593750003
0 0.47326272812500003 0.28601942187499996 0.4672442109375 0.28888400625 0.4653923578125 0.293050671875 0.4704849515625 0.29747775625 0.47835532187499996 0.29825900625 0.48391087656250004 0.29669650625 0.48668865468750006 0.2909673390625 0.4815960625 0.28654025625 0.47326272812500003 0.28601942187499996
0 0.46457349062500003 0.43405144218749997 0.45855497187500005 0.43743685781249997 0.457629046875 0.441603525 0.46272163906249997 0.4460306078125 0.4724438609375 0.4468118578125 0.47985126874999995 0.4421243578125 0.47985126874999995 0.43795769218749997 0.471054971875 0.43353060781249997 0.46457349062500003 0.43405144218749997
0 0.4647155828125 0.4869788 0.4577711390625 0.4903642171875 0.4577711390625 0.4966142171875 0.46286373125 0.4994788 0.47166002812499996 0.49973921718750003 0.4762896578125 0.4981767171875 0.4790674359375 0.49192671718750003 0.4711970640625 0.4869788 0.4647155828125 0.4869788
0 0.38124141875 0.43064892187500003 0.3742969734375 0.432992671875 0.371519196875 0.43924267187500005 0.3775377140625 0.44366975625 0.3863340109375 0.44393017187500006 0.39466734375 0.43924267187500005 0.39374141875 0.43507600625 0.3886488265625 0.43169058906249996 0.38124141875 0.43064892187500003
0 0.38793549375 0.3760830984375 0.3791391984375 0.3815518484375 0.3800651234375 0.3857185140625 0.38700956875000003 0.38910393125 0.3948799390625 0.3888435140625 0.4013614203125 0.38519768125 0.4013614203125 0.3799893484375 0.397194753125 0.3771247640625 0.38793549375 0.3760830984375
0 0.4773224671875 0.3365415859375 0.469452096875 0.3404478359375 0.46852617187499995 0.34409367031250004 0.47454468906249997 0.34852075312499997 0.4842669125 0.3487811703125 0.49167431875 0.34409367031250004 0.49074839375 0.339927003125 0.48496886874999995 0.3364851078125 0.4773224671875 0.3365415859375
0 0.46856268281249996 0.364783159375 0.4579145359375 0.3681685765625 0.45606268281249995 0.3738977421875 0.4620812015625 0.3778039921875 0.46902564687500004 0.3785852421875 0.47643305312499995 0.3754602421875 0.47828490625000003 0.37025190937499997 0.475507128125 0.3666060765625 0.46856268281249996 0.364783159375
0 0.3854432921875 0.39871843125 0.3784988484375 0.40210384687499995 0.377572921875 0.40679134687499996 0.3845173671875 0.4117392640625 0.3933136625 0.41199968125 0.39886921875 0.40939551406249997 0.39979514374999997 0.4031455140625 0.3919247734375 0.39871843125 0.3854432921875 0.39871843125
0 0.3667826828125 0.479927909375 0.3616900890625 0.483313325 0.362616015625 0.490084159375 0.3695604609375 0.49294874218749996 0.37743083125 0.49268832500000004 0.3839123125 0.48904249218749996 0.3839123125 0.483313325 0.3760419421875 0.479407075 0.3667826828125 0.479927909375
