0 0.3136393484375 0.741725934375 0.30576897812500003 0.7461530187500001 0.30576897812500003 0.751882184375 0.3127134234375 0.7552676015625 0.32150971875 0.7550071843749999 0.3279912015625 0.7513613515625 0.3279912015625 0.7451113515625 0.32104675625 0.741725934375 0.3136393484375 0.741725934375
0 0.40349984531249994 0.7738097546875 0.395629475 0.7771951703125 0.3937776234375 0.7813618375 0.398870215625 0.7873514203124999 0.40766651249999997 0.7886535046875001 0.41599984531249995 0.7855285046875 0.416925771875 0.7797993375 0.410907253125 0.7748514203125 0.40349984531249994 0.7738097546875
0 0.31082445625 0.7850714765625 0.303865503125 0.7857067468750001 0.30108772500000003 0.79247758125 0.30803216875 0.7984671640625 0.316828465625 0.798206746875 0.323309946875 0.7945609140625 0.32423587343750004 0.787269246875 0.3180712375 0.7847802796875001 0.31082445625 0.7850714765625
0 0.4033952703125 0.7857424140625 0.39552489999999996 0.7896486640625 0.39552489999999996 0.794856996875 0.40154341875000005 0.7992840796875 0.41219156718749994 0.7995444968750001 0.417747121875 0.7969403296875 0.41867304843750003 0.7896486640625 0.411728603125 0.7852215796875 0.4033952703125 0.7857424140625
0 0.3963969078125 0.7380014640625 0.3903783890625 0.7403452140625 0.3876006109375 0.7455535484375 0.3936191296875 0.7515431312499999 0.4005635734375 0.75232438125 0.40704505625 0.7502410484375 0.4098228328125 0.7439910484375 0.404730240625 0.73904313125 0.3963969078125 0.7380014640625
0 0.300928384375 0.8407310265625 0.3016989734375 0.8470170328125001 0.30901969687499997 0.849184625 0.31865221718750003 0.8500516656249999 0.32304643906249997 0.8452612671875 0.3221205140625 0.8405737671875 0.3171110078125 0.8361790687499999 0.3068427359375 0.837709184375 0.300928384375 0.8407310265625
0 0.372136953125 0.8429492421875 0.37259991718749996 0.8452929921875001 0.3764637234375 0.8487391765625001 0.38262856093750003 0.8517738109374999 0.3918757578125 0.8509067703125 0.39621102812500003 0.845032575 0.39528510156249996 0.8403450749999999 0.383711028125 0.8369596593749999 0.377229546875 0.838522159375 0.372136953125 0.8429492421875
0 0.2991711734375 0.8638078765625 0.292226728125 0.8687557937499999 0.292226728125 0.874484959375 0.3000970984375 0.8794328765625 0.30889339531250004 0.8791724593750001 0.3153748765625 0.8760474593750001 0.31722672812499997 0.8687557937499999 0.3093563578125 0.8638078765625 0.2991711734375 0.8638078765625
0 0.29086290937500003 0.9001924171875 0.2875312578125 0.9063577671875 0.29011939062500003 0.9113081921875 0.2984014484375 0.9136378171875 0.3079925390625 0.9119111671875 0.3107703171875 0.9087861671875 0.3079925390625 0.9014945015625001 0.3019740203125 0.8991507515625001 0.29086290937500003 0.9001924171875
0 0.39053896718750003 0.915956471875 0.38484508281249996 0.9206156999999999 0.38489855624999997 0.925888640625 0.3939042234375 0.9278423453125001 0.4024911484375 0.9264094734375 0.407120778125 0.9206803078125001 0.40606776718750004 0.9179948765624999 0.3983033671875 0.915956471875 0.39053896718750003 0.915956471875
0 0.28499892187500003 0.93968130625 0.278980403125 0.9441083906250001 0.279906328125 0.9508792234375001 0.289601771875 0.95395726875 0.2993507734375 0.95140005625 0.30212855156249996 0.948795890625 0.3002766984375 0.940983390625 0.2933322546875 0.938639640625 0.28499892187500003 0.93968130625
0 0.38622376406250003 0.9275174328125001 0.37927931875 0.9345486828125 0.3871496890625 0.9410591 0.394094134375 0.94184035 0.4015015421875 0.9392361828125001 0.40335339374999996 0.9314236828125001 0.3982608015625 0.9280382656249999 0.38622376406250003 0.9275174328125001
0 0.28589582812500003 0.950673790625 0.278951384375 0.9540592078125 0.278951384375 0.9618717078125 0.28496990312500003 0.9652571234374999 0.2937661984375 0.9649967078125 0.30117360625 0.9603092078125 0.3020995328125 0.9551008734374999 0.2970069390625 0.9511946234374999 0.28589582812500003 0.950673790625
0 0.3885096 0.961244384375 0.385731821875 0.9648902171874999 0.3880466375 0.9708798 0.3968802234375 0.9734677703125 0.40795404375000005 0.9706193843750001 0.4088799703125 0.9633277171874999 0.4028614515625 0.9594214671874999 0.39452811875 0.9589006343750001 0.3885096 0.961244384375
