0 0.240906084375 0.5064484125 0.2508267203125 0.509920634375 0.2670304234375 0.5086805562500001 0.28125 0.5047123015625 0.2926587296875 0.49417162656249997 0.296296296875 0.482762896875 0.29596560781250003 0.4778025796875 0.29100529062499997 0.4658978171875 0.27298280468749997 0.45659722187499996 0.26173941875 0.45535714218749995 0.2458664015625 0.45709325468750006 0.23363095312499998 0.462549603125 0.2251984125 0.46961805625 0.2202380953125 0.47978670625 0.2202380953125 0.4867311515625 0.221891534375 0.49020337343750003 0.23048941875 0.4998759921875 0.240906084375 0.5064484125
0 0.2931547625 0.466269840625 0.3189484125 0.46279761875 0.3305224875 0.4595734125 0.3382936515625 0.454737103125 0.3425925921875 0.447792659375 0.3419312171875 0.44134424531249994 0.3359788359375 0.43315972187499996 0.32490079375 0.42584325468750006 0.308697090625 0.4203869046875 0.2981150796875 0.41964285781250005 0.2825727515625 0.42237103125 0.26818783125 0.43043154687499996 0.2642195765625 0.43663194375 0.26455026406250004 0.4443204359375 0.2698412703125 0.45225694375 0.2825727515625 0.4613095234375 0.2931547625 0.466269840625
0 0.3450727515625 0.43402777812500004 0.35003306875 0.4362599203125 0.3543320109375 0.4365079359375 0.378141534375 0.4322916671875 0.3890542328125 0.42757936562500004 0.396164021875 0.42001488125 0.400132275 0.4091021828125 0.3988095234375 0.4036458328125 0.39384920625 0.3962053578125 0.38740079375 0.390873015625 0.3821097890625 0.387896825 0.3675595234375 0.3854166671875 0.35036375625 0.38616071406249997 0.3364748671875 0.391369046875 0.327380953125 0.399181546875 0.3244047625 0.4076140875 0.3240740734375 0.41207837343750003 0.3257275125 0.41604662656249997 0.33267195781250003 0.4247271828125 0.3450727515625 0.43402777812500004
0 0.4389880953125 0.4012896828125 0.4604828046875 0.3978174609375 0.46875 0.39508928593750003 0.4791666671875 0.388516865625 0.487103175 0.377108134375 0.48644179843749996 0.36817956406249996 0.4791666671875 0.3570188484375 0.471395503125 0.35243055624999997 0.4581679890625 0.35044642812500004 0.4442791 0.3516865078125 0.4323743390625 0.356646825 0.4232804234375 0.3649553578125 0.41964285781250005 0.3743799609375 0.41898148125 0.3805803578125 0.421957671875 0.388516865625 0.42757936562500004 0.3962053578125 0.4389880953125 0.4012896828125
0 0.5104166671875 0.44915674531249994 0.531911375 0.4454365078125 0.5431547625 0.44146825468750006 0.553240740625 0.43340773749999995 0.5575396828125 0.4247271828125 0.55654761875 0.4155505953125 0.5499338625 0.4063740078125 0.54348545 0.40252976250000005 0.5272817453124999 0.3988095234375 0.5133928578125 0.3990575390625 0.4988425921875 0.40277777812500004 0.48379629687500003 0.4128224203125 0.48015872968749995 0.4192708328125 0.48015872968749995 0.427207340625 0.4867724875 0.43936011875 0.496858465625 0.446428571875 0.5104166671875 0.44915674531249994
0 0.57523148125 0.4923115078125 0.597387565625 0.4890873015625 0.6076388890625 0.4856150796875 0.6246693125 0.47309027812500004 0.627976190625 0.46292162656249997 0.625 0.4554811515625 0.614914021875 0.446428571875 0.6013558203125 0.44146825468750006 0.590112434375 0.44097222187499996 0.57457010625 0.44320436562500004 0.5633267203125001 0.4481646828125 0.5535714281249999 0.4562251984375 0.55026455 0.46440972187499996 0.5509259265625001 0.47457837343750003 0.5552248671875 0.48251488125 0.565641534375 0.49032738125 0.57523148125 0.4923115078125
0 0.627810846875 0.536954365625 0.6436838625 0.5354662703125 0.6585648140625 0.5324900796875001 0.666170634375 0.528521825 0.6732804234375 0.5224454359374999 0.6792328046875 0.510292659375 0.6798941796875 0.49789186562500004 0.6749338625 0.49020337343750003 0.666170634375 0.484375 0.6559193125 0.481398809375 0.6430224875 0.481894840625 0.621858465625 0.4856150796875 0.6135912703125 0.48834325468750006 0.6081349203124999 0.4921875 0.6051587296875 0.49615575468750006 0.6008597890625 0.50731646875 0.6015211640625 0.517733134375 0.6041666671875 0.52294146875 0.609623015625 0.5275297625 0.627810846875 0.536954365625
0 0.6793981484375 0.587549603125 0.705853175 0.5863095234375 0.7167658734375 0.5828373015625 0.7245370375 0.5780009921875 0.7298280421875 0.5725446421875 0.7324735453125 0.5683283734375 0.735119046875 0.557415675 0.734126984375 0.54873511875 0.7265211640625 0.5375744046875 0.7141203703125 0.5300099203124999 0.6992394187500001 0.5275297625 0.6817129625 0.5290178578125 0.672123015625 0.5327380953125 0.6603835984375 0.541542659375 0.653439153125 0.55419146875 0.6547619046875 0.5680803578125 0.6613756609375 0.5782490078125 0.6694775125 0.5845734125 0.6793981484375 0.587549603125
0 0.6922949734375 0.6629464281249999 0.7108134921875 0.6651785718750001 0.722056878125 0.6651785718750001 0.7329695765625 0.6629464281249999 0.74404761875 0.6573660718750001 0.752645503125 0.6474454359374999 0.7539682546875001 0.6409970234375 0.753306878125 0.633060515625 0.7457010578125 0.619915675 0.7329695765625 0.60987103125 0.7164351859375 0.6046626984375 0.7008928578125 0.6039186515625 0.6803902109375 0.60887896875 0.6709656078124999 0.616939484375 0.6653439156250001 0.627108134375 0.665674603125 0.6392609125 0.6699735453125 0.648189484375 0.6800595234375 0.6582341265625 0.6922949734375 0.6629464281249999
0 0.7425595234375 0.749255953125 0.7538029093749999 0.749255953125 0.76207010625 0.7460317453124999 0.7804232796874999 0.7340029765625 0.7883597890625 0.7218501984375 0.7876984125 0.7099454359374999 0.784722221875 0.7020089281249999 0.7794312171875 0.694568453125 0.7673611109375 0.6860119046875 0.759424603125 0.6822916671875 0.7521494703125 0.6805555562500001 0.73693783125 0.6795634921875 0.722056878125 0.6822916671875 0.71279761875 0.6862599203124999 0.7040343921875001 0.694568453125 0.6984126984375 0.7067212296875 0.6994047625 0.7201140875 0.709325396875 0.7340029765625 0.721395503125 0.7420634921875 0.7425595234375 0.749255953125
