0 0.341398521875 0.5802297281250001 0.33352815156250004 0.5846568125 0.33352815156250004 0.590385978125 0.34047259687500003 0.5937713953125 0.3492688921875 0.5935109781250001 0.3557503734375 0.5898651453125 0.3557503734375 0.5836151453125 0.3488059296875 0.5802297281250001 0.341398521875 0.5802297281250001
0 0.4292841765625 0.6120184937500001 0.42141380625 0.6154039109375 0.419561953125 0.619570578125 0.424654546875 0.6255601609375 0.4334508421875 0.62686224375 0.4417841765625 0.6237372437500001 0.4427101015625 0.618008078125 0.4407891765625 0.6143704171875 0.4292841765625 0.6120184937500001
0 0.3383846171875 0.627160046875 0.3314256625 0.6277953171874999 0.328647884375 0.63456615 0.335592328125 0.640555734375 0.344388625 0.6402953171875 0.35087010625000004 0.636649484375 0.3517960328125 0.6293578171875 0.345631396875 0.6268688484375 0.3383846171875 0.627160046875
0 0.4269452875 0.6247651921874999 0.4190749171875 0.6286714421874999 0.4190749171875 0.633879775 0.4250934359375 0.6383068578125 0.43574158281250003 0.638567275 0.44129713906249995 0.6359631078125 0.4422230640625 0.6286714421874999 0.43527862031250003 0.6242443578125 0.4269452875 0.6247651921874999
0 0.4241956796875 0.5790546453125 0.41817716093749996 0.5813983953124999 0.41539938281250005 0.586606728125 0.4214179015625 0.5925963109375 0.428362346875 0.5933775609375 0.434843828125 0.591294228125 0.43762160625 0.585044228125 0.43252901250000003 0.5800963109375 0.4241956796875 0.5790546453125
0 0.32790744374999997 0.675700571875 0.328678034375 0.6819865765625 0.33599875625000003 0.6841541703125 0.3456312765625 0.685021209375 0.3500255 0.6802308125 0.34909957343750003 0.6755433125 0.34409006875000003 0.6711486140625 0.333821796875 0.672678728125 0.32790744374999997 0.675700571875
0 0.40010115625 0.67224724375 0.40056411875000003 0.67459099375 0.4044279265625 0.6780371781250001 0.41059276406249995 0.6810718109375 0.4198399609375 0.680204771875 0.42417523125 0.6743305765625001 0.4232493046875 0.6696430765625 0.41167523125 0.6662576609374999 0.4051937484375 0.6678201609375 0.40010115625 0.67224724375
0 0.3290732984375 0.6963880671875 0.32212885468749997 0.701335984375 0.32212885468749997 0.70706515 0.329999225 0.7120130671875 0.338795521875 0.71175265 0.345277003125 0.70862765 0.3471288546875 0.701335984375 0.339258484375 0.6963880671875 0.3290732984375 0.6963880671875
0 0.31874453125 0.732562746875 0.31541287812499996 0.738728096875 0.3180010125 0.7436785218749999 0.32628306875 0.746008146875 0.3358741609375 0.744281496875 0.3386519375 0.741156496875 0.3358741609375 0.73386483125 0.32985564218749996 0.73152108125 0.31874453125 0.732562746875
0 0.4135829609375 0.7437984171875 0.4078890765625 0.74845764375 0.40794255 0.753730584375 0.4190843234375 0.7571080359375 0.42986064687500003 0.7555924375 0.430164771875 0.7485222515625 0.42911176093750003 0.745836821875 0.42134736093749997 0.7437984171875 0.4135829609375 0.7437984171875
0 0.310145415625 0.7667049421875001 0.304126896875 0.771132025 0.3050528234375 0.7779028593749999 0.31474826562499997 0.780980903125 0.3244972671875 0.7784236921875001 0.3272750453125 0.775819525 0.32542319375 0.768007025 0.3184787484375 0.765663275 0.310145415625 0.7667049421875001
0 0.41257560781249997 0.755096396875 0.4056311640625 0.762127646875 0.41350153437500003 0.7686380625 0.42044597812499995 0.7694193125 0.4278533859375 0.766815146875 0.4297052375 0.759002646875 0.4246126453125 0.7556172296875 0.41257560781249997 0.755096396875
0 0.31298280156249997 0.7791042109374999 0.3060383578125 0.782489628125 0.3060383578125 0.790302128125 0.3120568765625 0.7936875453125001 0.320853171875 0.793427128125 0.3282605796875 0.788739628125 0.32918650625 0.7835312953125 0.3240939125 0.7796250453125 0.31298280156249997 0.7791042109374999
0 0.409078734375 0.7905369265625 0.40630095624999996 0.794182759375 0.408615771875 0.8001723437500001 0.41744935781250003 0.8027603125 0.428523178125 0.7999119265625 0.42944910468749997 0.792620259375 0.42343058593749994 0.788714009375 0.415097253125 0.7881931765625 0.409078734375 0.7905369265625
