0 0.512896825 0.6724950390625 0.5105820109375 0.663318453125 0.50562169375 0.6573660718750001 0.5018187828125 0.6547619046875 0.490906084375 0.6517857140625 0.4766865078125 0.652777778125 0.4674272484375 0.65575396875 0.45866402187500005 0.664806546875 0.45568783125 0.6732390875 0.45667989374999995 0.6781994046875 0.459656084375 0.683159721875 0.4677579359375 0.690228175 0.47602513281250003 0.6922123015625 0.4867724875 0.692832340625 0.49950396875 0.6894841265625 0.5076058203125 0.6841517859375 0.5112433859375 0.678943453125 0.512896825 0.6724950390625
0 0.5208333328125 0.6238839281249999 0.51240079375 0.6168154765625 0.503141534375 0.6135912703125 0.491236771875 0.6135912703125 0.4766865078125 0.6173115078125 0.47089947031249996 0.623387896875 0.46660052968750004 0.6310763890625 0.4669312171875 0.638516865625 0.471891534375 0.6474454359374999 0.4790013234375 0.6515376984375 0.490906084375 0.6517857140625 0.502645503125 0.6536458328125 0.51240079375 0.6498015875 0.521825396875 0.6395089281249999 0.5234788359375 0.6310763890625 0.5208333328125 0.6238839281249999
0 0.686838625 0.5680803578125 0.6828703703125 0.560391865625 0.67476851875 0.5545634921875 0.6698082015625 0.55282738125 0.6549272484374999 0.552579365625 0.6453373015625 0.5558035718750001 0.6395502640624999 0.560391865625 0.6382275125 0.5648561515625 0.6415343921875001 0.56708829375 0.64417989375 0.5713045640625001 0.6451719578125 0.57626488125 0.64417989375 0.5846974203124999 0.6455026453125 0.58643353125 0.6542658734375 0.591269840625 0.666335978125 0.59188988125 0.6757605812499999 0.59052579375 0.6832010578125 0.5849454359374999 0.6878306875 0.5770089281249999 0.686838625 0.5680803578125
0 0.7678571421875 0.557663690625 0.76818783125 0.551711309375 0.765211640625 0.5442708328125 0.7581018515625 0.536954365625 0.74950396875 0.5334821421875 0.7418981484375 0.5332341265625 0.7366071421875 0.5352182546875001 0.73115079375 0.5412946421875 0.7275132281250001 0.5529513890625 0.7275132281250001 0.5569196421875 0.733796296875 0.5651041671875 0.7389219578125 0.5691964281249999 0.7425595234375 0.5709325390625 0.7480158734375 0.5715525796875001 0.752810846875 0.5714285718750001 0.7584325390625 0.5694444437499999 0.7635582015625 0.5651041671875 0.7678571421875 0.557663690625
0 0.64351851875 0.5336061515625 0.6357473546875 0.5272817453124999 0.62549603125 0.5235615078125 0.6168981484375 0.5233134921875 0.6076388890625 0.525545634375 0.6008597890625 0.5301339281249999 0.596560846875 0.536086309375 0.5955687828125 0.5455109125 0.596891534375 0.5494791671875 0.6025132281250001 0.5556795640625001 0.6102843921875001 0.560019840625 0.6329365078125 0.5601438484375 0.6418650796875001 0.5546875 0.6455026453125 0.5499751984375 0.646494709375 0.5410466265625 0.64351851875 0.5336061515625
0 0.590277778125 0.576512896875 0.5853174609375 0.5690724203124999 0.578207671875 0.5647321421875 0.5706018515625 0.561755953125 0.559689153125 0.5612599203124999 0.5514219578125 0.5644841265625 0.546957671875 0.5685763890625 0.5449735453125 0.5742807546875001 0.5459656078124999 0.5846974203124999 0.553240740625 0.5933779765625 0.559358465625 0.597222221875 0.564980159375 0.5992063484375 0.575396825 0.5998263890625 0.5854828046875 0.596230159375 0.5916005296875 0.588665675 0.5919312171875 0.582465278125 0.590277778125 0.576512896875
0 0.4735449734375 0.5217013890625 0.47321428593750003 0.51376488125 0.46825396875 0.5063244046875 0.46180555625 0.5009920640625001 0.4555224875 0.49776785781250005 0.45122354531250003 0.497023809375 0.43336640156249995 0.4985119046875 0.4229497359375 0.5040922625 0.41865079375 0.510540675 0.41964285781250005 0.5219494046875 0.424603175 0.5281498015625 0.434358465625 0.53447420625 0.4389880953125 0.5362103171875 0.44609788437500003 0.5368303578125 0.4561838625 0.5352182546875001 0.46246693125 0.5329861109375 0.46957672031250003 0.5276537703125 0.4735449734375 0.5217013890625
0 0.40542327968749997 0.48251488125 0.403439153125 0.47433035781250005 0.3998015875 0.46937003906249997 0.38872354531250003 0.46279761875 0.3797949734375 0.4610615078125 0.3672288359375 0.462549603125 0.35830026406250004 0.46651785781250005 0.353174603125 0.47085813437499996 0.3501984125 0.47854662656249997 0.35052910000000004 0.48623511875 0.35648148125 0.494915675 0.365906084375 0.50049603125 0.37152777812500004 0.502480159375 0.3769841265625 0.5031001984375 0.38773148125 0.5017361109375 0.39401454999999996 0.4987599203125 0.40244709062500006 0.49169146875 0.40542327968749997 0.48251488125
0 0.6927910046875 0.45126488125 0.6898148140625 0.4453125 0.6827050265625 0.43948412656249997 0.6741071421875 0.4360119046875 0.6631944437499999 0.4357638890625 0.6542658734375 0.4392361109375 0.650132275 0.4435763890625 0.6488095234375 0.44903273749999995 0.650132275 0.457961309375 0.652777778125 0.4624255953125 0.66187169375 0.468998015625 0.6688161375 0.471478175 0.6755952375 0.4713541671875 0.6820436515625 0.4704861109375 0.6898148140625 0.46515377031250005 0.6924603171875 0.45895337343750003 0.6927910046875 0.45126488125
0 0.5234788359375 0.522693453125 0.5244709000000001 0.5130208328125 0.521494709375 0.5060763890625 0.5133928578125 0.49925595312500004 0.5057870375 0.49603174531249994 0.4952050265625 0.4945436515625 0.484292328125 0.497519840625 0.478339946875 0.5009920640625001 0.47255290937499994 0.5060763890625 0.47255290937499994 0.510788690625 0.474867725 0.5234375 0.477843915625 0.5279017859375 0.48859127031250005 0.5349702375 0.4922288359375 0.5362103171875 0.49768518593750005 0.536086309375 0.5081018515625 0.53447420625 0.5143849203124999 0.531994046875 0.51884920625 0.5288938484375 0.5234788359375 0.522693453125
0 0.5072751328125 0.5913938484375 0.50628306875 0.5881696421875 0.49917327968749997 0.5793650796875001 0.48991402187500005 0.57490079375 0.48032407343749994 0.5729166671875 0.4737103171875 0.57490079375 0.4637896828125 0.5761408734375 0.459160053125 0.577876984375 0.45667989374999995 0.5804811515625 0.4517195765625 0.5933779765625 0.4543650796875 0.604290675 0.459490740625 0.60987103125 0.4690806875 0.6135912703125 0.48148148125 0.614707340625 0.4932209 0.6116071421875 0.5013227515625001 0.6070188484375 0.50595238125 0.5995783734375 0.5072751328125 0.5913938484375
0 0.578042328125 0.644965278125 0.5770502640624999 0.633556546875 0.5707671953125 0.6251240078125 0.5666335984375 0.6227678578125 0.5567129625 0.6202876984375 0.54348545 0.6212797625 0.53753306875 0.624255953125 0.5300925921874999 0.632564484375 0.5271164015625 0.63876488125 0.528439153125 0.64794146875 0.534060846875 0.6568700390625 0.5388558203125 0.6607142859375 0.5428240734374999 0.66220238125 0.5545634921875 0.6630704359374999 0.5639880953125 0.6614583328125 0.5704365078125 0.6576140875 0.5760582015625 0.651413690625 0.578042328125 0.644965278125
0 0.6445105812499999 0.5812251984375 0.6448412703125 0.572792659375 0.6421957671875 0.5680803578125 0.6337632281250001 0.56200396875 0.628141534375 0.5602678578125 0.6159060843749999 0.5605158734375 0.6106150796875001 0.5615079359374999 0.6049933859375 0.5639880953125 0.5975529093749999 0.5713045640625001 0.5945767203125001 0.5789930562500001 0.5955687828125 0.586681546875 0.6018518515625 0.5936259921875 0.608630953125 0.596726190625 0.6183862437500001 0.5970982140625 0.6271494703125 0.5959821421875 0.6354166671875 0.5922619046875 0.6415343921875001 0.5871775796875001 0.6445105812499999 0.5812251984375
0 0.4543650796875 0.4748263890625 0.4543650796875 0.4663938484375 0.453042328125 0.4624255953125 0.446263228125 0.4548611109375 0.43832672031250003 0.45089285781250005 0.42774470937500003 0.44890872968749995 0.41782407343749994 0.45089285781250005 0.409391534375 0.45523313437499996 0.403439153125 0.4626736109375 0.40178571406249997 0.4711061515625 0.40707672031250003 0.4830109125 0.41054894218750004 0.48635912656249997 0.4234457671875 0.4918154765625 0.4298941796875 0.49169146875 0.4393187828125 0.4895833328125 0.44593253906249997 0.48635912656249997 0.45105820156250004 0.48226686562500004 0.4543650796875 0.4748263890625
0 0.591269840625 0.507068453125 0.5866402109375 0.4973958328125 0.5818452375 0.49305555625 0.5735780421875 0.48859127031250005 0.5639880953125 0.487103175 0.5534060843749999 0.4893353171875 0.54431216875 0.49441964218749995 0.5403439156250001 0.502108134375 0.5396825390625 0.5100446421875 0.5429894187500001 0.517237103125 0.5510912703125 0.5245535718750001 0.559358465625 0.5275297625 0.5671296296875 0.5281498015625 0.5762235453125 0.5267857140625 0.5859788359375 0.5217013890625 0.590608465625 0.51376488125 0.591269840625 0.507068453125
0 0.5393518515625 0.5564236109375 0.5360449734375 0.548983134375 0.527943121875 0.5421626984375 0.51901455 0.5384424609375 0.51273148125 0.5381944437499999 0.5021494703125 0.54092261875 0.4947089953125 0.5465029765625 0.4920634921875 0.551959325 0.4920634921875 0.5651041671875 0.49570105781249996 0.5715525796875001 0.503472221875 0.57762896875 0.51273148125 0.5803571421875 0.51917989375 0.580233134375 0.5289351859375 0.57762896875 0.5360449734375 0.5715525796875001 0.5393518515625 0.5653521828125 0.5393518515625 0.5564236109375
0 0.7354497359375001 0.4691220234375 0.7324735453125 0.46044146875 0.7253637562499999 0.4541170640625 0.7164351859375 0.44990079375 0.7078373015625 0.44940476250000005 0.69957010625 0.45114087343750003 0.6947751328125 0.45374503906249997 0.6875 0.47061011875 0.6982473546875 0.475446428125 0.703042328125 0.479042659375 0.7073412703125 0.48524305625 0.7119709000000001 0.4867311515625 0.7266865078125 0.484623015625 0.7324735453125 0.479042659375 0.734788359375 0.4748263890625 0.7354497359375001 0.4691220234375
0 0.50562169375 0.473834325 0.5023148140625 0.4661458328125 0.496858465625 0.46155753906249997 0.4859457671875 0.45684523749999995 0.47503306875 0.45634920625 0.4674272484375 0.4585813484375 0.45701058124999994 0.46440972187499996 0.45502645468749997 0.46688988125 0.4540343921875 0.479042659375 0.459986771875 0.48846726250000005 0.466104496875 0.493303571875 0.47536375625 0.49652777812500004 0.4828042328125 0.4968998015625 0.49289021093749996 0.4945436515625 0.5019841265625 0.48846726250000005 0.5052910046875 0.48226686562500004 0.50562169375 0.473834325
0 0.7271825390625 0.589409721875 0.7242063484375 0.583209325 0.7164351859375 0.5768849203124999 0.7075066140625 0.5739087296875 0.70023148125 0.5736607140625 0.690641534375 0.5761408734375 0.6865079359374999 0.5794890875 0.6808862437500001 0.5881696421875 0.68154761875 0.595858134375 0.684193121875 0.6025545640625001 0.6889880953125 0.6076388890625 0.6992394187500001 0.612103175 0.7076719578125 0.6122271828125 0.7164351859375 0.60987103125 0.7242063484375 0.6037946421875 0.7271825390625 0.5970982140625 0.7271825390625 0.589409721875
0 0.728835978125 0.5407986109375 0.7251984125 0.5348462296875 0.71312830625 0.5267857140625 0.7078373015625 0.52529761875 0.6982473546875 0.525545634375 0.6891534390625 0.529637896875 0.684193121875 0.5492311515625 0.6865079359374999 0.5531994046875 0.6949404765625 0.559523809375 0.7018849203124999 0.561755953125 0.7116402109375 0.5618799609375 0.7170965609375 0.5610119046875 0.7255290999999999 0.555431546875 0.728505290625 0.54873511875 0.728835978125 0.5407986109375
0 0.708664021875 0.489459325 0.70568783125 0.48251488125 0.6979166671875 0.4751984125 0.689980159375 0.47247023749999995 0.6784060843749999 0.471230159375 0.6698082015625 0.47271825468750006 0.66187169375 0.4764384921875 0.65641534375 0.482762896875 0.65608465625 0.4874751984375 0.6577380953125 0.4939236109375 0.6636904765625 0.50186011875 0.67509920625 0.5074404765625 0.68154761875 0.508060515625 0.6959325390625 0.50595238125 0.703207671875 0.502728175 0.70601851875 0.4986359125 0.708664021875 0.489459325
0 0.7430555562500001 0.5035962296875 0.7414021156249999 0.49813988125 0.734788359375 0.4904513890625 0.7263558203125 0.48660714218749995 0.7200727515625001 0.4858630953125 0.7144510578125 0.486855159375 0.708994709375 0.489459325 0.70634920625 0.49789186562500004 0.7020502640624999 0.5060763890625 0.7050264546875 0.5132688484375 0.7096560843749999 0.5179811515625 0.715773809375 0.5223214281249999 0.7225529093749999 0.52294146875 0.7303240734374999 0.521825396875 0.73776455 0.5167410718750001 0.7427248671875 0.5100446421875 0.7430555562500001 0.5035962296875
0 0.6167328046875 0.6152033734375 0.615079365625 0.6097470234375 0.6117724875 0.604538690625 0.6053240734374999 0.5992063484375 0.5983796296875 0.596478175 0.590112434375 0.5957341265625 0.5834986765625 0.597222221875 0.5744047625 0.602306546875 0.5697751328125 0.6127232140625 0.5694444437499999 0.6214037703125 0.5714285718750001 0.6261160718750001 0.578869046875 0.6336805562500001 0.5887896828125 0.6366567453124999 0.596560846875 0.6367807546875001 0.6040013234375 0.634424603125 0.612103175 0.629340278125 0.6160714281249999 0.6226438484375 0.6167328046875 0.6152033734375
0 0.45667989374999995 0.57626488125 0.45238095312500004 0.5693204359374999 0.4452711640625 0.563244046875 0.43667327968749997 0.559771825 0.4234457671875 0.55927579375 0.41319444375 0.56200396875 0.4044312171875 0.5688244046875 0.4011243390625 0.573784721875 0.40046296249999996 0.5809771828125 0.403108465625 0.588417659375 0.4115410046875 0.596478175 0.42377645468749997 0.599454365625 0.43055555625 0.5995783734375 0.4439484125 0.59697420625 0.44940476250000005 0.5933779765625 0.45568783125 0.5844494046875 0.45667989374999995 0.57626488125
0 0.553240740625 0.5963541671875 0.5515873015625 0.5926339281249999 0.546957671875 0.5881696421875 0.5395171953125 0.58407738125 0.5332341265625 0.5820932546875001 0.5223214281249999 0.5818452375 0.5140542328125 0.583829365625 0.5069444437499999 0.5874255953125 0.5069444437499999 0.5968501984375 0.500661375 0.6085069437499999 0.5054563484375 0.6130952375 0.5196759265625001 0.622023809375 0.5226521156249999 0.6232638890625 0.5294312171875 0.623387896875 0.5395171953125 0.62177579375 0.5492724875 0.61396329375 0.552579365625 0.6082589281249999 0.553240740625 0.5963541671875
0 0.59391534375 0.4718501984375 0.590939153125 0.463665675 0.584160053125 0.45659722187499996 0.57523148125 0.45238095312500004 0.5663029093749999 0.450644840625 0.556382275 0.4513888890625 0.5489417984375 0.4554811515625 0.546296296875 0.4594494046875 0.5449735453125 0.46688988125 0.547288359375 0.4753224203125 0.5515873015625 0.48077877031250005 0.559689153125 0.4861111109375 0.5763888890625 0.48821924531249994 0.584490740625 0.4858630953125 0.5889550265625 0.48251488125 0.5929232796874999 0.4775545640625 0.59391534375 0.4718501984375
0 0.4917328046875 0.5559275796875001 0.48875661406250004 0.5469990078125 0.4831349203125 0.5407986109375 0.47470238125 0.5359623015625 0.4634589953125 0.533978175 0.44758597812499995 0.537450396875 0.4421296296875 0.5400545640625001 0.43816137499999996 0.545262896875 0.4375 0.557415675 0.440641534375 0.5610119046875 0.44973545000000004 0.5663442453124999 0.45684523749999995 0.574652778125 0.46015211562499997 0.575644840625 0.46660052968750004 0.5755208328125 0.47999338593749996 0.5729166671875 0.48511904687499996 0.5693204359374999 0.49007936562500004 0.5638640875 0.4917328046875 0.5559275796875001
0 0.6382275125 0.4874751984375 0.6332671953125 0.4780505953125 0.627480159375 0.4734623015625 0.6211970906250001 0.4704861109375 0.6116071421875 0.46949404687499996 0.6046626984375 0.47073412656249997 0.596560846875 0.4748263890625 0.5929232796874999 0.48226686562500004 0.5929232796874999 0.49020337343750003 0.596891534375 0.498883928125 0.6016865078125 0.50322420625 0.608961640625 0.5071924609375 0.61904761875 0.5090525796875001 0.62450396875 0.5084325390625 0.6329365078125 0.5038442453124999 0.6365740734374999 0.49813988125 0.6382275125 0.4874751984375
0 0.6878306875 0.52938988125 0.6855158734375 0.5254216265625 0.6797288359375 0.5193452375 0.669146825 0.514880953125 0.653604496875 0.5141369046875 0.6423611109375 0.5176091265625 0.6382275125 0.5214533734375 0.637896825 0.5254216265625 0.6395502640624999 0.52938988125 0.6448412703125 0.535590278125 0.6481481484375 0.5477430562500001 0.653604496875 0.5513392859375 0.6709656078124999 0.551959325 0.6817129625 0.5481150796875001 0.6851851859375 0.544766865625 0.688161375 0.535590278125 0.6878306875 0.52938988125
