0 0.3308947484375 0.3580044765625 0.3211725265625 0.3613898921875 0.3202466015625 0.3645148921875 0.32533919375 0.3689419765625 0.3332095640625 0.3697232265625 0.3424688234375 0.3660773921875 0.3433947484375 0.362431559375 0.3392280828125 0.35904614218750003 0.3308947484375 0.3580044765625
0 0.42910478124999996 0.49762271093750005 0.42493811406250004 0.5004872953125 0.42493811406250004 0.5046539609375 0.431882559375 0.508039378125 0.43975292968749996 0.5077789609375001 0.44623441093749994 0.5046539609375 0.44623441093749994 0.4999664609375 0.4392899671875 0.4965810453125 0.42910478124999996 0.49762271093750005
0 0.35317885625 0.46608985 0.34716033749999997 0.4684336 0.3453084859375 0.47260026718750003 0.3485492265625 0.47650651718750003 0.357345521875 0.4778086 0.363827003125 0.4762461 0.36567885625 0.4715586 0.3605862625 0.4671315171875 0.35317885625 0.46608985
0 0.353734646875 0.48200272499999997 0.3467902015625 0.48486730937500006 0.3458642765625 0.490596475 0.35003094218749997 0.492940225 0.3579013125 0.49320064218750004 0.36438279375 0.490596475 0.366234646875 0.486429809375 0.361142053125 0.482523559375 0.353734646875 0.48200272499999997
0 0.443425690625 0.4327266296875 0.44018495 0.4350703796875 0.44296272812500004 0.4413203796875 0.455925690625 0.4428828796875 0.46240717187499997 0.4397578796875 0.46148124687500003 0.4345495453125 0.45175902343749996 0.4311641296875 0.443425690625 0.4327266296875
0 0.291079971875 0.48592140156249997 0.285987378125 0.48930681875 0.285987378125 0.49399431875 0.292005896875 0.49737973437500005 0.30080219375 0.49764015156249997 0.3054318234375 0.49659848437500004 0.3082096015625 0.48982765156249997 0.30033923125 0.48540056875 0.291079971875 0.48592140156249997
0 0.3258330984375 0.505747928125 0.32074050625 0.5091333453125 0.32166643125 0.5138208453125 0.3286108765625 0.516685428125 0.33740717187499997 0.5164250109374999 0.342962728125 0.5138208453125 0.342962728125 0.508091678125 0.3360182828125 0.5047062609374999 0.3258330984375 0.505747928125
0 0.41521585625 0.47116483281250005 0.40827141093749997 0.47507108281250005 0.40919733750000004 0.47975858281250006 0.4221603 0.48288358281250005 0.42956770781250003 0.480279415625 0.43049363281249997 0.47507108281250005 0.4235491890625 0.47116483281250005 0.41521585625 0.47116483281250005
0 0.2920677078125 0.385122721875 0.2860491890625 0.3885081390625 0.2860491890625 0.392153971875 0.29114178125 0.39501855468749997 0.299938078125 0.395278971875 0.3054936328125 0.392153971875 0.3054936328125 0.3869456390625 0.2994751140625 0.3846018890625 0.2920677078125 0.385122721875
0 0.28555532031249997 0.42791826874999994 0.28462939375 0.432084934375 0.2915738390625 0.4354703515625 0.29851828281250004 0.435209934375 0.3040738390625 0.432084934375 0.3040738390625 0.427397434375 0.2924997640625 0.425053684375 0.28555532031249997 0.42791826874999994
0 0.3234873421875 0.4070326140625 0.3146910453125 0.41041802968749996 0.3146910453125 0.41562636406250003 0.3267280828125 0.4187513640625 0.3341354890625 0.41666802968749994 0.33598734218750004 0.411459696875 0.331820675 0.4080742796875 0.3234873421875 0.4070326140625
0 0.3986111109375 0.39244927500000004 0.39444444375 0.395834690625 0.3953703703125 0.4000013578125 0.40046296249999996 0.40286594062500003 0.41111111093749997 0.40312635781250006 0.4166666671875 0.4000013578125 0.415740740625 0.3937513578125 0.408796296875 0.3914076078125 0.3986111109375 0.39244927500000004
0 0.4656479125 0.4732831421875 0.4605553203125 0.4756268921875 0.45962939374999995 0.48083522500000003 0.46287013593750004 0.483699809375 0.474444209375 0.4850018921875 0.48277754218749996 0.4803143921875 0.4818516171875 0.476147725 0.47398124687500004 0.472762309375 0.4656479125 0.4732831421875
0 0.3416357234375 0.40362975624999997 0.33654313125 0.4070151734375 0.33654313125 0.41118183906250005 0.3416357234375 0.4140464234375 0.3504320203125 0.41430683906250004 0.3559875765625 0.4127443390625 0.357839428125 0.4070151734375 0.3508949828125 0.4031089234375 0.3416357234375 0.40362975624999997
0 0.3657097984375 0.427240428125 0.36154313125000004 0.43062584531250003 0.3633949828125 0.43531334531250004 0.36848757656250003 0.4376570953125 0.377283871875 0.437396678125 0.382839428125 0.43323001093749997 0.38191350156250004 0.429584178125 0.376820909375 0.42671959531250003 0.3657097984375 0.427240428125
0 0.40916643124999996 0.4190117796875 0.4012960609375 0.42343886406250003 0.40222198750000004 0.4276055296875 0.40916643124999996 0.4304701140625 0.4161108765625 0.430209696875 0.4205531859375 0.4285241484375 0.42259235781250004 0.42343886406250003 0.418425690625 0.420053446875 0.40916643124999996 0.4190117796875
0 0.483796371875 0.4463381 0.48055563125 0.44972351718750003 0.48148155625 0.45441101718750004 0.490740815625 0.4570151828125 0.4986111859375 0.4557131 0.5018519265625 0.45180685 0.49583340781249996 0.4452964328125 0.483796371875 0.4463381
0 0.39984525 0.3663727109375 0.39290080625 0.3687164609375 0.391048953125 0.37496646093749997 0.397067471875 0.3778310453125 0.40493784218749995 0.37757062812500003 0.4101809828125 0.3762862109375 0.4114193234375 0.371320628125 0.40725265781250003 0.367414378125 0.39984525 0.3663727109375
0 0.4204322921875 0.382739071875 0.4204322921875 0.3869057375 0.42552488593750004 0.3902911546875 0.43432118124999997 0.390551571875 0.4417285890625 0.3863849046875 0.4408026625 0.3816974046875 0.42737673750000005 0.378832821875 0.4204322921875 0.382739071875
0 0.47404305625000004 0.401749471875 0.46709861249999995 0.40513488906250006 0.46709861249999995 0.4098223890625 0.47311713125 0.41320780468749996 0.4819134265625 0.413468221875 0.4883949078125 0.4098223890625 0.48932083437499996 0.405655721875 0.48145046406249997 0.401749471875 0.47404305625000004 0.401749471875
0 0.360833840625 0.391332815625 0.3566671734375 0.3973224 0.3585190265625 0.399926565625 0.36453754374999997 0.40227031562500004 0.373333840625 0.40200990000000003 0.378889396875 0.398364065625 0.378889396875 0.3931557328125 0.37287087812499997 0.39029115000000003 0.360833840625 0.391332815625
