0 0.3758393671875 0.391825153125 0.3673839109375 0.39588644687499996 0.365532059375 0.400573946875 0.3706246515625 0.404480196875 0.378495021875 0.4047406140625 0.3859024296875 0.4016156140625 0.38775428125 0.3969281140625 0.384513540625 0.393542696875 0.3758393671875 0.391825153125
0 0.467062996875 0.41842104999999996 0.45780373750000003 0.41894188281250005 0.45178521875 0.42284813281250005 0.4527111453125 0.42753563281250007 0.46289633124999996 0.43066063281250005 0.4697239140625 0.429859478125 0.47400744218749996 0.4254523 0.473081515625 0.4207648 0.467062996875 0.41842104999999996
0 0.3508958921875 0.5639730375 0.3448773734375 0.5663167875 0.34209959687499997 0.5730876203124999 0.34626626250000003 0.5769938703124999 0.355062559375 0.5777751203125 0.361544040625 0.575170953125 0.36432181875 0.5694417875 0.3583033 0.5644938703125 0.3508958921875 0.5639730375
0 0.3714083546875 0.43144192031250006 0.36446391093749997 0.434306503125 0.3626120578125 0.43899400312500003 0.3677046515625 0.44290025312500003 0.37372316875 0.443681503125 0.382056503125 0.4410773359375 0.3843878609375 0.43638981406250005 0.37881576250000004 0.431962753125 0.3714083546875 0.43144192031250006
0 0.4427047375 0.5536349734375 0.43853807187499994 0.55649955625 0.439463996875 0.56118705625 0.4505751078125 0.5648328890625 0.4598343671875 0.5622287234375001 0.46076029375000005 0.55649955625 0.4528899234375 0.5531141390625 0.4427047375 0.5536349734375
0 0.4561657421875 0.38412587187499997 0.4501472234375 0.38699045625 0.448295371875 0.39115712187499996 0.4533879640625 0.39558420625 0.46125833437499997 0.39636545624999997 0.46681388906250004 0.39480295625 0.46959166718749995 0.3890737890625 0.464499075 0.38464670624999997 0.4561657421875 0.38412587187499997
0 0.4497561109375 0.5385700156250001 0.4437375921875 0.5419554328125 0.442811665625 0.5461220984375 0.4479042578125 0.5505491828125 0.45762648125 0.5513304328124999 0.4650338875 0.5466429328125 0.4650338875 0.5424762656250001 0.4562375921875 0.5380491828125 0.4497561109375 0.5385700156250001
0 0.44932831249999994 0.58829129375 0.4423838671875 0.5916767109375 0.4423838671875 0.5979267109374999 0.4474764609375 0.6007912937500001 0.45627275625 0.6010517109375 0.4609023859375 0.5994892109375 0.4636801640625 0.5932392109375 0.45580979375 0.58829129375 0.44932831249999994 0.58829129375
0 0.3624347140625 0.5306789984375 0.35549027031249997 0.5330227484375001 0.3527124921875 0.5392727484375001 0.35873101093750004 0.5436998328125 0.3675273078125 0.5439602484375 0.375860640625 0.5392727484375001 0.3749347140625 0.5351060828125 0.369842121875 0.531720665625 0.3624347140625 0.5306789984375
0 0.3714083984375 0.47579255781249996 0.3626121015625 0.4812613078125 0.36353802812499997 0.485427975 0.370482471875 0.488813390625 0.3783528421875 0.488552975 0.3848343234375 0.484907140625 0.3848343234375 0.47969880781249996 0.3806676578125 0.476834225 0.3714083984375 0.47579255781249996
0 0.460795371875 0.4352892453125 0.45292500156250004 0.4391954953125 0.451999075 0.442841328125 0.45801759375 0.4472684125 0.467739815625 0.447528828125 0.4751472234375 0.442841328125 0.474221296875 0.4386746625 0.4684417734375 0.4352327671875 0.460795371875 0.4352892453125
0 0.4474764609375 0.46353079375000006 0.4368283125 0.46691621093749996 0.4349764609375 0.4726453765625 0.440994978125 0.4765516265625 0.44793942343750004 0.4773328765625 0.45534683125 0.4742078765625 0.4571986828125 0.46899954375 0.4544209046875 0.4653537109375 0.4474764609375 0.46353079375000006
0 0.36663658906249996 0.4981072859375 0.3596921453125 0.501492703125 0.35876621875 0.506180203125 0.36571066406249997 0.5111281203125 0.3745069609375 0.5113885359375 0.38006251562500004 0.5087843703125 0.3809884421875 0.5025343703125 0.373118071875 0.4981072859375 0.36663658906249996 0.4981072859375
0 0.34740604375 0.5799579859375 0.34231345156250004 0.5833434015625001 0.343239378125 0.5901142359375 0.350183821875 0.59297881875 0.3580541921875 0.5927184015625 0.3645356734375 0.58907256875 0.3645356734375 0.5833434015625001 0.356665303125 0.5794371515625001 0.34740604375 0.5799579859375
