0 0.380968471875 0.365214590625 0.372513015625 0.3692758859375 0.3706611640625 0.3739633859375 0.37575375625 0.3778696359375 0.3836241265625 0.3781300515625 0.391031534375 0.37500505156249997 0.3928833859375 0.3703175515625 0.38964264531250004 0.3669321359375 0.380968471875 0.365214590625
0 0.47333188281250005 0.390848659375 0.4640726234375 0.3913694921875 0.45805410625 0.3952757421875 0.45898003125000003 0.3999632421875 0.4691652171875 0.4030882421875 0.4759928015625 0.4022870875 0.480276328125 0.397879909375 0.47935040156250003 0.393192409375 0.47333188281250005 0.390848659375
0 0.3583045609375 0.5335151578125 0.3522860421875 0.5358589078125 0.3495082640625 0.5426297421874999 0.35367493125 0.5465359921874999 0.362471228125 0.5473172421875 0.368952709375 0.544713075 0.3717304875 0.5389839078125 0.36571196875 0.5340359921875 0.3583045609375 0.5335151578125
0 0.3776772421875 0.4038695234375 0.370732796875 0.40673410624999995 0.36888094531250004 0.41142160624999996 0.3739735375 0.41532785624999996 0.37999205625 0.41610910624999997 0.38832538906249997 0.4135049390625 0.390656746875 0.4088174171875 0.3850846484375 0.40439035624999997 0.3776772421875 0.4038695234375
0 0.448403734375 0.5218946765625 0.44423706718749995 0.524759259375 0.44516299375 0.5294467593750001 0.45627410468749996 0.53309259375 0.4655333640625 0.5304884265625 0.4664592890625 0.524759259375 0.45858891875 0.52137384375 0.448403734375 0.5218946765625
0 0.461294846875 0.3578358875 0.45527632812499996 0.36070047031249997 0.4534244765625 0.3648671375 0.45851706875 0.3692942203125 0.46638743906249996 0.3700754703125 0.47194299375000004 0.36851297031249997 0.47472077187500006 0.362783803125 0.4696281796875 0.3583567203125 0.461294846875 0.3578358875
0 0.45431528125 0.510356415625 0.44829676249999995 0.5137418328125001 0.4473708375 0.5179085 0.4524634296875 0.5223355828125 0.46218565156249997 0.5231168328125 0.469593059375 0.5184293328125 0.469593059375 0.514262665625 0.46079676249999996 0.5098355828125001 0.45431528125 0.510356415625
0 0.4561670890625 0.5620013453125 0.4492226453125 0.5653867625 0.4492226453125 0.5716367625000001 0.4543152375 0.5745013453125 0.463111534375 0.5747617625 0.46774116406250005 0.5731992625 0.47051894218749996 0.5669492625 0.46264857187499997 0.5620013453125 0.4561670890625 0.5620013453125
0 0.36813371093749997 0.5027859921875 0.3611892671875 0.5051297421875 0.3584114890625 0.5113797421874999 0.3644300078125 0.5158068250000001 0.373226303125 0.5160672421875 0.3815596375 0.5113797421874999 0.3806337109375 0.507213075 0.37554111875 0.5038276578125 0.36813371093749997 0.5027859921875
0 0.3759676125 0.4472583421875 0.367171315625 0.4527270921875 0.3680972421875 0.4568937578125 0.3750416859375 0.460279175 0.38291205625 0.4600187578125 0.3893935375 0.456372925 0.3893935375 0.4511645921875 0.385226871875 0.4483000078125 0.3759676125 0.4472583421875
0 0.46649436718750004 0.40771684218750004 0.458623996875 0.41162309218750004 0.4576980703125 0.415268925 0.4637165890625 0.41969600937499996 0.47343881093749995 0.41995642499999997 0.48084621875 0.415268925 0.4799202921875 0.41110225937499995 0.47414076875 0.40766036406249995 0.46649436718750004 0.40771684218750004
0 0.45488512812500004 0.43563779843750006 0.44423698125 0.43902321562499996 0.442385128125 0.4447523828125 0.448403646875 0.4486586328125 0.4553480921875 0.4494398828125 0.4627554984375 0.4463148828125 0.4646073515625 0.4411065484375 0.4618295734375 0.437460715625 0.45488512812500004 0.43563779843750006
0 0.3734754109375 0.4711760921875 0.366530965625 0.47456150937499997 0.36560503906249997 0.479249009375 0.372549484375 0.484196925 0.38134578124999996 0.48445734218750003 0.3869013359375 0.481853175 0.3878272625 0.475603175 0.3799568921875 0.4711760921875 0.3734754109375 0.4711760921875
0 0.354244865625 0.552064990625 0.3491522734375 0.5554504078125 0.3500781984375 0.562221240625 0.35702264375000003 0.5650858234375 0.3648930140625 0.5648254078125 0.3713744953125 0.5611795734375 0.3713744953125 0.5554504078125 0.363504125 0.5515441578125 0.354244865625 0.552064990625
