0 0.3337252671875 0.6263880875 0.325854896875 0.6308151703125 0.325854896875 0.6365443375 0.3327993421875 0.6399297546875 0.3415956375 0.6396693375 0.34807711874999997 0.6360235046875 0.34807711874999997 0.6297735046875 0.341132675 0.6263880875 0.3337252671875 0.6263880875
0 0.4209052953125 0.6568371390625 0.413034925 0.6602225546875 0.41118307343750005 0.6643892218749999 0.416275665625 0.6703788046875 0.4250719625 0.6716808890625 0.4334052953125 0.6685558890625 0.43433122187500006 0.6628267218749999 0.4324102953125 0.6591890609375 0.4209052953125 0.6568371390625
0 0.3299174640625 0.668839259375 0.3229585109375 0.66947453125 0.32018073281250004 0.6762453640625 0.3271251765625 0.6822349484375 0.3359214734375 0.6819745312500001 0.3424029546875 0.6783286984375 0.34332888125 0.67103703125 0.3371642453125 0.6685480625 0.3299174640625 0.668839259375
0 0.42059499375 0.6703416578125 0.4127246234375 0.6742479078125 0.4127246234375 0.679456240625 0.4187431421875 0.683883325 0.42939129062500003 0.6841437406249999 0.43494684687499996 0.6815395750000001 0.435872771875 0.6742479078125 0.42892832812500004 0.6698208250000001 0.42059499375 0.6703416578125
0 0.4171718390625 0.6244957984374999 0.4111533203125 0.6268395484375 0.4083755421875 0.63204788125 0.4143940609375 0.638037465625 0.42133850624999997 0.638818715625 0.42781998750000005 0.6367353812500001 0.43059776406249994 0.63048538125 0.425505171875 0.625537465625 0.4171718390625 0.6244957984374999
0 0.3210279671875 0.72125000625 0.32179855625 0.7275360109375 0.32911927812499997 0.7297036046875001 0.3387518 0.7305706453125 0.343146021875 0.725780246875 0.342220096875 0.7210927468749999 0.337210590625 0.7166980484375001 0.32694231875 0.7182281640625 0.3210279671875 0.72125000625
0 0.39187466406250004 0.7198265046875 0.3923376265625 0.7221702546875 0.396201434375 0.7256164390625 0.40236627187499996 0.728651071875 0.41161346718749997 0.7277840328125 0.41594873750000005 0.7219098374999999 0.4150228125 0.7172223375 0.40344873750000004 0.713836921875 0.39696725625 0.715399421875 0.39187466406250004 0.7198265046875
0 0.3211354515625 0.7438320359375 0.3141910078125 0.748779953125 0.3141910078125 0.7545091203125 0.322061378125 0.7594570359375 0.3308576734375 0.7591966203125 0.33733915625 0.7560716203125 0.3391910078125 0.748779953125 0.3313206375 0.7438320359375 0.3211354515625 0.7438320359375
0 0.31215361875 0.779546578125 0.30882196562500003 0.785711928125 0.3114100984375 0.790662353125 0.3196921578125 0.792991978125 0.3292832484375 0.791265328125 0.33206102656250003 0.788140328125 0.3292832484375 0.7808486609374999 0.32326472968750003 0.7785049109375 0.31215361875 0.779546578125
0 0.40670340312500003 0.7902409859375 0.4010095171875 0.7949002140625 0.4010629921875 0.8001731546874999 0.41220476406250006 0.80355060625 0.4229810890625 0.8020350078125 0.42328521406249997 0.7949648218750001 0.4222322015625 0.792279390625 0.41446780156249996 0.7902409859375 0.40670340312500003 0.7902409859375
0 0.3025603109375 0.8146360015624999 0.2965417921875 0.819063084375 0.29746771875 0.8258339187500001 0.30716316250000003 0.8289119625 0.3169121625 0.8263547515624999 0.319689940625 0.823750584375 0.3178380890625 0.815938084375 0.31089364375 0.8135943343750001 0.3025603109375 0.8146360015624999
0 0.40357931249999995 0.801538909375 0.3966348671875 0.8085701593750001 0.4045052375 0.8150805765625 0.41144968281249994 0.8158618265625 0.41885708906249997 0.813257659375 0.4207089421875 0.805445159375 0.4156163484375 0.8020597421875 0.40357931249999995 0.801538909375
0 0.30547784375 0.8288035203125 0.2985334 0.8321889375 0.2985334 0.8400014375 0.30455191875 0.8433868546875001 0.3133482140625 0.8431264374999999 0.320755621875 0.8384389375 0.3216815484375 0.8332306046875001 0.31658895625 0.8293243546875001 0.30547784375 0.8288035203125
0 0.40306518281250003 0.8380620515625001 0.40028740625000003 0.841707884375 0.4026022203125 0.8476974671875 0.41143580625 0.8502854375 0.422509628125 0.8474370515625 0.42343555312500003 0.840145384375 0.4174170359375 0.836239134375 0.40908370156249996 0.8357183015625 0.40306518281250003 0.8380620515625001
