0 0.3758393671875 0.39535184375 0.3673839109375 0.39941313749999996 0.365532059375 0.4041006375 0.3706246515625 0.4080068875 0.378495021875 0.40826730468749994 0.3859024296875 0.40514230468749995 0.38775428125 0.40045480468749994 0.384513540625 0.3970693875 0.3758393671875 0.39535184375
0 0.467062996875 0.42258896718749994 0.45780373750000003 0.42310980000000004 0.45178521875 0.42701605000000004 0.4527111453125 0.43170355000000005 0.46289633124999996 0.43482855000000004 0.4697239140625 0.4340273953125 0.47400744218749996 0.4296202171875 0.473081515625 0.4249327171875 0.467062996875 0.42258896718749994
0 0.35146578281249996 0.5655760828124999 0.34544726406250004 0.5679198328124999 0.3426694875 0.5746906671875001 0.346836153125 0.5785969171875001 0.35563245 0.5793781671875 0.36211393125 0.576774 0.36489170937500004 0.5710448328125 0.358873190625 0.5660969171875 0.35146578281249996 0.5655760828124999
0 0.3714083546875 0.4352892328125 0.36446391093749997 0.43815381562500005 0.3626120578125 0.44284131562500006 0.3677046515625 0.44674756562500006 0.37372316875 0.447528815625 0.382056503125 0.44492465000000003 0.3843878609375 0.44023712656249997 0.37881576250000004 0.435810065625 0.3714083546875 0.4352892328125
0 0.4427047375 0.5539555890625001 0.43853807187499994 0.5568201734375 0.439463996875 0.5615076734375 0.4505751078125 0.5651535062499999 0.4598343671875 0.5625493390625 0.46076029375000005 0.5568201734375 0.4528899234375 0.5534347562499999 0.4427047375 0.5539555890625001
0 0.4567356328125 0.38925562187499996 0.45071711406250003 0.3921202046875 0.44886526250000003 0.396286871875 0.4539578546875 0.4007139546875 0.461828225 0.4014952046875 0.46738378125 0.3999327046875 0.47016155781249996 0.3942035390625 0.465068965625 0.3897764546875 0.4567356328125 0.38925562187499996
0 0.4497561109375 0.541455503125 0.4437375921875 0.5448409203125 0.442811665625 0.5490075875 0.4479042578125 0.5534346703125 0.45762648125 0.5542159203125 0.4650338875 0.5495284203125 0.4650338875 0.545361753125 0.4562375921875 0.5409346703125 0.4497561109375 0.541455503125
0 0.44932831249999994 0.5921386203125001 0.4423838671875 0.5955240359375 0.4423838671875 0.6017740359375 0.4474764609375 0.6046386203125 0.45627275625 0.6048990359374999 0.4609023859375 0.6033365359375 0.4636801640625 0.5970865359374999 0.45580979375 0.5921386203125001 0.44932831249999994 0.5921386203125001
0 0.3624347140625 0.533885090625 0.35549027031249997 0.536228840625 0.3527124921875 0.5424788406250001 0.35873101093750004 0.546905925 0.3675273078125 0.547166340625 0.375860640625 0.5424788406250001 0.3749347140625 0.538312175 0.369842121875 0.5349267578125 0.3624347140625 0.533885090625
0 0.3714083984375 0.47931926718750006 0.3626121015625 0.48478801718750003 0.36353802812499997 0.4889546828125 0.370482471875 0.4923401 0.3783528421875 0.4920796828125 0.3848343234375 0.48843385 0.3848343234375 0.48322551718750006 0.3806676578125 0.4803609328125 0.3714083984375 0.47931926718750006
0 0.460795371875 0.4368922921875 0.45292500156250004 0.4407985421875 0.451999075 0.44444437499999995 0.45801759375 0.44887145781250004 0.467739815625 0.44913187499999996 0.4751472234375 0.44444437499999995 0.474221296875 0.44027770781250003 0.4684417734375 0.43683581250000003 0.460795371875 0.4368922921875
0 0.44633663593749995 0.46577506093750004 0.43568848750000005 0.46916047812499995 0.4338366359375 0.47488964375 0.439855153125 0.47879589375 0.44679959843750006 0.47957714375 0.45420700625 0.47645214375 0.45605885781250005 0.4712438109375 0.45328107968750003 0.467597978125 0.44633663593749995 0.46577506093750004
0 0.36663658906249996 0.502916425 0.3596921453125 0.5063018421875001 0.35876621875 0.5109893421875 0.36571066406249997 0.5159372578125 0.3745069609375 0.516197675 0.38006251562500004 0.5135935078125 0.3809884421875 0.5073435078124999 0.373118071875 0.502916425 0.36663658906249996 0.502916425
0 0.34740604375 0.585087728125 0.34231345156250004 0.5884731453125001 0.343239378125 0.595243978125 0.350183821875 0.5981085625 0.3580541921875 0.5978481453125 0.3645356734375 0.5942023125 0.3645356734375 0.5884731453125001 0.356665303125 0.5845668953125001 0.34740604375 0.585087728125
