0 0.3872373578125 0.335077334375 0.37878190312500004 0.33913862968749997 0.3769300515625 0.3438261296875 0.38202264375 0.3477323796875 0.3898930140625 0.3479927953125 0.397300421875 0.3448677953125 0.39915227343750004 0.3401802953125 0.3959115328125 0.3367948796875 0.3872373578125 0.335077334375
0 0.477891096875 0.3603907796875 0.4686318375 0.3609116140625 0.46261331875 0.3648178640625 0.4635392453125 0.3695053640625 0.47372443124999997 0.3726303640625 0.48055201406250003 0.3718292078125 0.48483554218749997 0.36742202968750004 0.483909615625 0.36273452968750003 0.477891096875 0.3603907796875
0 0.362863775 0.5030572796875 0.35684525625 0.5054010296875 0.354067478125 0.5121718625 0.35823414531250003 0.5160781125 0.36703044218750003 0.5168593625 0.3735119234375 0.514255196875 0.3762897015625 0.5085260296875 0.3702711828125 0.5035781125 0.362863775 0.5030572796875
0 0.38223645624999997 0.3746940734375 0.37529201093750003 0.3775586578125 0.37344015937499997 0.3822461578125 0.3785327515625 0.3861524078125 0.38455127031249997 0.3869336578125 0.392884603125 0.384329490625 0.3952159609375 0.3796419671875 0.3896438625 0.3752149078125 0.38223645624999997 0.3746940734375
0 0.45125323125000005 0.4927192390625 0.4470865640625 0.4955838234375 0.44801249062500004 0.5002713234375 0.45912360156250004 0.50391715625 0.46838286093750003 0.5013129890625 0.4693087875 0.4955838234375 0.4614384171875 0.49219840625 0.45125323125000005 0.4927192390625
0 0.4675637328125 0.3276986125 0.4615452140625 0.3305631953125 0.45969336250000004 0.33472986250000003 0.46478595624999997 0.33915694531249996 0.4726563265625 0.33993819531249997 0.47821188125 0.3383756953125 0.48098965937499993 0.33264652968749997 0.47589706718749997 0.32821944531249997 0.4675637328125 0.3276986125
0 0.4588744953125 0.48086038750000004 0.45285597656250004 0.48424580468749995 0.4519300515625 0.4884124703125 0.45702264374999996 0.49283955468749996 0.46674486562500006 0.49362080468749997 0.4741522734375 0.48893330468749996 0.4741522734375 0.48476663750000004 0.46535597656250005 0.48033955468749995 0.4588744953125 0.48086038750000004
0 0.45787676250000003 0.529619815625 0.4509323171875 0.5330052328125 0.4509323171875 0.5392552328125 0.4560249109375 0.542119815625 0.46482120625 0.5423802328125 0.4694508359375 0.5408177328125 0.4722286140625 0.5345677328125 0.46435824375 0.529619815625 0.45787676250000003 0.529619815625
0 0.372692925 0.4726487171875 0.36574848125 0.4749924671875 0.362970703125 0.4812424671875 0.368989221875 0.48566955 0.37778551718750003 0.48592996718750003 0.3861188515625 0.4812424671875 0.385192925 0.4770758 0.3801003328125 0.47369038437500005 0.372692925 0.4726487171875
0 0.3822364984375 0.41680047499999995 0.37344020312500004 0.42226922499999997 0.37436612812500003 0.4264358921875 0.3813105734375 0.42982130781250005 0.38918094375 0.4295608921875 0.395662425 0.42591505781250005 0.395662425 0.42070672499999995 0.3914957578125 0.4178421421875 0.3822364984375 0.41680047499999995
0 0.47105358124999996 0.377900184375 0.4631832109375 0.381806434375 0.462257284375 0.3854522671875 0.46827580312499995 0.3898793515625 0.47799802500000005 0.3901397671875 0.4854054328125 0.3854522671875 0.48447950625 0.3812856015625 0.47869998281250004 0.37784370625 0.47105358124999996 0.377900184375
0 0.4588744078125 0.40742417499999994 0.44822626093749995 0.4108095921875 0.4463744078125 0.41653875781250005 0.4523929265625 0.42044500781250005 0.45933737187499996 0.4212262578125 0.466744778125 0.4181012578125 0.46859663124999995 0.41289292499999997 0.46581885312500004 0.4092470921875 0.4588744078125 0.40742417499999994
0 0.3768947984375 0.4391151671875 0.3699503546875 0.442500584375 0.369024428125 0.447188084375 0.3759688734375 0.452136 0.38476516875 0.4523964171875 0.390320725 0.44979224999999995 0.3912466515625 0.44354224999999997 0.38337628125 0.4391151671875 0.3768947984375 0.4391151671875
0 0.35652447187499997 0.5212865078125 0.3514318796875 0.5246719234375 0.35235780625 0.5314427578124999 0.35930225 0.5343073406250001 0.3671726203125 0.5340469234375 0.3736541015625 0.5304010906250001 0.3736541015625 0.5246719234375 0.36578373124999997 0.5207656734375 0.35652447187499997 0.5212865078125
