0 0.36065071406250004 0.4912486625 0.35370626875 0.494634078125 0.3518544171875 0.499321578125 0.35694701093750003 0.503227828125 0.36481738125 0.5034882453125 0.3722247875 0.5003632453125 0.3740766390625 0.4956757453125 0.3708358984375 0.492290328125 0.36065071406250004 0.4912486625
0 0.45281555156250003 0.5239014984375 0.44355629218750003 0.52442233125 0.4375377734375 0.52832858125 0.4384636984375 0.53301608125 0.448648884375 0.53614108125 0.45547646875 0.5353399249999999 0.4597599953125 0.5309327484375 0.45883406875 0.5262452484375 0.45281555156250003 0.5239014984375
0 0.32866975625 0.6678504140625 0.3226512375 0.6701941640625 0.3198734609375 0.6769649984375 0.32404012656250003 0.6808712484375 0.3328364234375 0.6816524984375001 0.3393179046875 0.67904833125 0.3420956828125 0.6733191640625 0.3360771640625 0.6683712484375001 0.32866975625 0.6678504140625
0 0.3543113671875 0.5369223375 0.3473669234375 0.5397869203125001 0.345515071875 0.5444744203125 0.3506076640625 0.5483806703125 0.3566261828125 0.5491619203125 0.364959515625 0.5465577546875 0.3668113671875 0.5408285875 0.361718775 0.5374431703125 0.3543113671875 0.5369223375
0 0.42161842812500006 0.6626421421875001 0.4174517609375 0.665506725 0.41837768750000004 0.670194225 0.42948879843750004 0.673840059375 0.43874805781250004 0.6712358921875 0.4396739828125 0.665506725 0.4318036125 0.662121309375 0.42161842812500006 0.6626421421875001
0 0.4407785140625 0.4876826828125 0.4347599953125 0.49054726562499995 0.43290814375000003 0.4947139328125 0.4380007359375 0.49914101562499996 0.44587110625 0.499922265625 0.4514266625 0.49835976562499995 0.45420443906249997 0.4926305984375 0.449111846875 0.488203515625 0.4407785140625 0.4876826828125
0 0.42866975625 0.6504626734375 0.42265123750000005 0.653848090625 0.4217253125 0.6580147562499999 0.42681790468749997 0.662441840625 0.43654012656249996 0.6632230906250001 0.443947534375 0.658535590625 0.443947534375 0.6543689234375 0.43515123750000007 0.649941840625 0.42866975625 0.6504626734375
0 0.42824200156250003 0.6944129515624999 0.42129755781249995 0.6977983671875 0.42129755781249995 0.7040483671875 0.42639015 0.7069129515625 0.43518644687499997 0.7071733671875 0.4398160765625 0.7056108671875 0.442593853125 0.6993608671875 0.4347234828125 0.6944129515624999 0.42824200156250003 0.6944129515624999
0 0.3396387328125 0.6380830734375 0.33269428749999996 0.6404268234375 0.3299165109375 0.6466768234375 0.335935028125 0.65110390625 0.34473132500000003 0.6513643234375001 0.35306465781249996 0.6466768234375 0.35213873281249997 0.64251015625 0.34704613906250004 0.6391247390625 0.3396387328125 0.6380830734375
0 0.3520318046875 0.5793493437499999 0.3432355078125 0.5848180937499999 0.344161434375 0.5889847593749999 0.351105878125 0.5923701765625 0.3589762484375 0.592109759375 0.36545773125 0.5884639265625 0.36545773125 0.5832555937499999 0.3612910640625 0.580391009375 0.3520318046875 0.5793493437499999
0 0.4431285375 0.5375635640625 0.4352581671875 0.5414698140625 0.43433224062500003 0.545115646875 0.44035075937499996 0.5495427312500001 0.45007298125000006 0.549803146875 0.4574803890625 0.545115646875 0.45655446250000004 0.54094898125 0.45077493906250005 0.5375070859375 0.4431285375 0.5375635640625
0 0.42980953906249997 0.576064684375 0.41916139062499996 0.5794501015625 0.4173095390625 0.5851792687499999 0.4233280578125 0.5890855187499999 0.43027250156249996 0.58986676875 0.437679909375 0.58674176875 0.43953176093749996 0.581533434375 0.43675398281250005 0.5778876015625001 0.42980953906249997 0.576064684375
0 0.34612021406250004 0.6051907812499999 0.33917576875 0.608576196875 0.33824984375 0.613263696875 0.3451942875 0.6182116140625 0.35399058437500003 0.6184720312499999 0.3595461390625 0.6158678640625 0.360472065625 0.6096178640625001 0.3526016953125 0.6051907812499999 0.34612021406250004 0.6051907812499999
0 0.3240401703125 0.686400246875 0.318947578125 0.6897856640625 0.319873503125 0.696556496875 0.3268179484375 0.6994210796875 0.33468831875 0.6991606640625 0.34116979999999997 0.6955148296875 0.34116979999999997 0.6897856640625 0.3332994296875 0.6858794140625 0.3240401703125 0.686400246875
