0 0.331388653125 0.322993965625 0.32166643125 0.3263793828125 0.32074050625 0.3295043828125 0.3258330984375 0.333931465625 0.33370346875 0.334712715625 0.342962728125 0.33106688281249996 0.343888653125 0.32742104843750003 0.3397219875 0.3240356328125 0.331388653125 0.322993965625
0 0.4325621578125 0.45983357187499996 0.428395490625 0.46269815468750003 0.428395490625 0.46686482187499995 0.43533993593750003 0.47025023906249996 0.44321030625 0.46998982187499994 0.44969178750000005 0.46686482187499995 0.44969178750000005 0.46217732187499994 0.4427473421875 0.45879190468750003 0.4325621578125 0.45983357187499996
0 0.3541666671875 0.4285785578125 0.3481481484375 0.4309223078125 0.34629629687499996 0.4350889734375 0.3495370375 0.4389952234375 0.3583333328125 0.4402973078125 0.3648148140625 0.4387348078125 0.36666666718749996 0.4340473078125 0.36157407343750003 0.42962022343750006 0.3541666671875 0.4285785578125
0 0.35472249375 0.44504716875000006 0.34777805 0.4479117515625 0.3468521234375 0.45364091875 0.351018790625 0.45598466875000004 0.3588891609375 0.456245084375 0.3653706421875 0.45364091875 0.36722249375 0.4494742515625 0.3621299015625 0.4455680015625 0.35472249375 0.44504716875000006
0 0.4463891609375 0.39327031562500003 0.44314842031249996 0.395614065625 0.4459261984375 0.401864065625 0.4588891609375 0.40342656562499996 0.4653706421875 0.40030156562499997 0.4644447171875 0.3950932328125 0.45472249375 0.391707815625 0.4463891609375 0.39327031562500003
0 0.2960190265625 0.44979942656249994 0.29092643281249997 0.4531848421875 0.29092643281249997 0.4578723421875 0.2969449515625 0.461257759375 0.3057412484375 0.46151817656249994 0.31037087812499997 0.460476509375 0.31314865625 0.45370567656249994 0.3052782859375 0.4492785921875 0.2960190265625 0.44979942656249994
0 0.3297843796875 0.46934811718749997 0.3246917875 0.4727335328125 0.3256177125 0.47742103281250003 0.3325621578125 0.48028561718749996 0.341358453125 0.48002520000000004 0.346914009375 0.47742103281250003 0.346914009375 0.4716918671875 0.3399695640625 0.46830645000000004 0.3297843796875 0.46934811718749997
0 0.416697609375 0.43198641875000005 0.4097531640625 0.43589266875000005 0.41067909062499997 0.44058016875000006 0.42364205312500003 0.44370516875000005 0.43104946093749996 0.4411010015625 0.4319753875 0.43589266875000005 0.42503094218750004 0.43198641875000005 0.416697609375 0.43198641875000005
0 0.291079896875 0.349278609375 0.285061378125 0.352664025 0.285061378125 0.356309859375 0.2901539703125 0.3591744421875 0.2989502671875 0.35943485937499997 0.30450582187499997 0.356309859375 0.30450582187499997 0.35110152499999997 0.298487303125 0.348757775 0.291079896875 0.349278609375
0 0.2870370375 0.3912406 0.28611111093749997 0.395407265625 0.29305555625 0.3987926828125 0.3 0.398532265625 0.30555555624999997 0.395407265625 0.30555555624999997 0.390719765625 0.29398148125 0.388376015625 0.2870370375 0.3912406
0 0.3244751515625 0.37118849531250003 0.31567885625000003 0.37457391093750003 0.31567885625000003 0.37978224531250004 0.32771589218749997 0.38290724531250003 0.3351233 0.3808239109375 0.3369751515625 0.375615578125 0.3328084859375 0.3722301609375 0.3244751515625 0.37118849531250003
0 0.39712935781250003 0.35604943125 0.392962690625 0.3594348484375 0.3938886171875 0.3636015140625 0.398981209375 0.3664660984375 0.4096293578125 0.3667265140625 0.4151849125 0.3636015140625 0.41425898749999995 0.3573515140625 0.4073145421875 0.3550077640625 0.39712935781250003 0.35604943125
0 0.46959919375 0.43354895000000004 0.4645066015625 0.4358927 0.4635806765625 0.4411010328125 0.46682141718750003 0.4439656171875 0.478395490625 0.44526770000000004 0.48672882343749996 0.44058020000000003 0.4858028984375 0.4364135328125 0.47793252812500003 0.4330281171875 0.46959919375 0.43354895000000004
0 0.3421296296875 0.3661184734375 0.33703703749999997 0.369503890625 0.33703703749999997 0.3736705578125 0.3421296296875 0.37653514062500004 0.3509259265625 0.3767955578125 0.35648148125 0.3752330578125 0.3583333328125 0.369503890625 0.3513888890625 0.365597640625 0.3421296296875 0.3661184734375
0 0.3657097984375 0.390840584375 0.36154313125000004 0.3942260015625 0.3633949828125 0.3989135015625 0.36848757656250003 0.40125725156250003 0.377283871875 0.400996834375 0.382839428125 0.39683016875 0.38191350156250004 0.393184334375 0.376820909375 0.3903197515625 0.3657097984375 0.390840584375
0 0.40966033749999997 0.381222640625 0.4017899671875 0.3856497234375 0.40271589218750004 0.389816390625 0.40966033749999997 0.39268097343749997 0.41660478124999994 0.3924205578125 0.4210470921875 0.390735009375 0.42308626250000003 0.3856497234375 0.418919596875 0.3822643078125 0.40966033749999997 0.381222640625
0 0.4862658609375 0.4091046859375 0.4830251203125 0.41249010156250004 0.483951046875 0.41717760156250006 0.49321030625000006 0.41978176874999995 0.5010806765625 0.4184796859375 0.5043214171875 0.4145734359375 0.49830289843750003 0.40806301874999995 0.4862658609375 0.4091046859375
0 0.39984525 0.328861434375 0.39290080625 0.331205184375 0.391048953125 0.337455184375 0.397067471875 0.3403197671875 0.40493784218749995 0.3400593515625 0.4101809828125 0.338774934375 0.4114193234375 0.33380935156249997 0.40725265781250003 0.32990310156249997 0.39984525 0.328861434375
0 0.4209261984375 0.3457835078125 0.4209261984375 0.349950175 0.426018790625 0.3533355921875 0.4348150875 0.3535960078125 0.44222249375 0.3494293421875 0.44129656875 0.34474184218750004 0.42787064218750004 0.3418772578125 0.4209261984375 0.3457835078125
0 0.47453703750000004 0.363682475 0.4675925921875 0.3670678921875 0.4675925921875 0.3717553921875 0.47361111093749997 0.375140809375 0.4824074078125 0.375401225 0.4888888890625 0.3717553921875 0.48981481406249994 0.367588725 0.48194444374999995 0.363682475 0.47453703750000004 0.363682475
0 0.3603399359375 0.354099390625 0.35617326875 0.3600889734375 0.3580251203125 0.362693140625 0.36404363906250004 0.365036890625 0.3728399359375 0.36477647343749997 0.378395490625 0.361130640625 0.378395490625 0.3559223078125 0.37237697187499996 0.35305772343749997 0.3603399359375 0.354099390625
