0 0.324969465625 0.6843600765625 0.3170990953125 0.6887871609375 0.3170990953125 0.6945163265625001 0.3240435390625 0.6979017437499999 0.3328398359375 0.6976413265625 0.33932131718749997 0.6939954937499999 0.33932131718749997 0.6877454937499999 0.3323768734375 0.6843600765625 0.324969465625 0.6843600765625
0 0.41417017031250003 0.7178403296875 0.40629980000000004 0.7212257453124999 0.4044479484375 0.7253924125 0.409540540625 0.7313819953125 0.41833683749999995 0.7326840796874999 0.42667017031250004 0.7295590796875 0.427596096875 0.7238299125000001 0.4255069265625 0.71782766875 0.41417017031250003 0.7178403296875
0 0.3231823390625 0.7279479265625 0.3162233859375 0.7285831984375 0.31344560781249997 0.73535403125 0.3203900515625 0.7413436156250001 0.3291863484375 0.7410831984375 0.33566782968750003 0.7374373656250001 0.33659375625 0.7301456984375 0.33042911875000003 0.7276567296875001 0.3231823390625 0.7279479265625
0 0.41251275156249995 0.7294503109375 0.40464238124999996 0.7333565609375 0.40464238124999996 0.73856489375 0.4106608984375 0.7429919765624999 0.421309046875 0.74325239375 0.426864603125 0.7406482265625 0.42779052812499996 0.7333565609375 0.42084608437500004 0.7289294765625 0.41251275156249995 0.7294503109375
0 0.41111011875000003 0.6817099703125 0.4050916 0.6840537203125 0.402313821875 0.6892620546875 0.408332340625 0.6952516375 0.41527678593750006 0.6960328875 0.42175826718750004 0.6939495546875001 0.42453604375 0.6876995546875 0.41944345156249996 0.6827516375 0.41111011875000003 0.6817099703125
0 0.3095781875 0.783389884375 0.31034877656250004 0.789675890625 0.31766949843750003 0.7918434828125 0.32730201875 0.7927105234375 0.3316962421875 0.7879201250000001 0.3307703171875 0.783232625 0.3257608109375 0.7788379265625001 0.31549253906249997 0.7803680421875 0.3095781875 0.783389884375
0 0.38379252343750003 0.7793140828125 0.3842554859375 0.7816578328125 0.38811929375 0.7851040171875 0.39428413125 0.7881386499999999 0.403531328125 0.7872716093750001 0.40786659687500004 0.781397415625 0.406940671875 0.7767099156249999 0.39536659687500003 0.7733244984375001 0.388885115625 0.7748869984375 0.38379252343750003 0.7793140828125
0 0.3123796515625 0.805214209375 0.30543520625 0.8101621265625001 0.30543520625 0.81589129375 0.3133055765625 0.820839209375 0.32210187343749996 0.82057879375 0.3285833546875 0.81745379375 0.33043520625 0.8101621265625001 0.3225648359375 0.805214209375 0.3123796515625 0.805214209375
0 0.30003033125 0.8405497531250001 0.296698678125 0.846715103125 0.2992868125 0.851665528125 0.30756886875 0.8539951531250001 0.3171599609375 0.8522685031250001 0.3199377375 0.8491435031250001 0.3171599609375 0.8418518374999999 0.3111414421875 0.8395080874999999 0.30003033125 0.8405497531250001
0 0.3959271296875 0.85465435625 0.39023324375 0.8593135843749999 0.39028671875 0.864586525 0.3992923859375 0.8665402296875 0.40787931093749996 0.865107359375 0.412508940625 0.8593781921874999 0.4114559296875 0.8566927625 0.4036915296875 0.85465435625 0.3959271296875 0.85465435625
0 0.2890899578125 0.8794281953124999 0.2830714390625 0.8838552796875 0.2839973640625 0.8906261125 0.29369280781249996 0.8937041578124999 0.303441809375 0.8911469453124999 0.3062195875 0.8885427796875 0.3043677359375 0.8807302796875 0.297423290625 0.8783865296875 0.2890899578125 0.8794281953124999
0 0.3934765984375 0.8663310890625 0.386532153125 0.8733623390625 0.39440252343750004 0.8798727562499999 0.40134696875 0.88065400625 0.4087543765625 0.8780498390625 0.410606228125 0.8702373390625 0.4055136359375 0.8668519218749999 0.3934765984375 0.8663310890625
0 0.2906604234375 0.8920801453125 0.2837159796875 0.8954655624999999 0.2837159796875 0.9032780624999999 0.2897344984375 0.906663478125 0.29853079375 0.9064030624999999 0.30593820156249996 0.9017155625 0.306864128125 0.896507228125 0.3017715359375 0.892600978125 0.2906604234375 0.8920801453125
0 0.39430943281249997 0.9020964671874999 0.3915316546875 0.9057423015625 0.39384646874999996 0.9117318843750001 0.40268005625000003 0.9143198546875 0.4137538765625 0.9114714671874999 0.414679803125 0.9041798015625 0.40866128437500004 0.9002735515625 0.40032795156249995 0.8997527171874999 0.39430943281249997 0.9020964671874999
