0 0.367489534375 0.44091299843750004 0.3605450890625 0.44429841562499994 0.3586932375 0.44898591562499995 0.36378583125 0.45289216562499995 0.3716562015625 0.45315258125 0.3790636078125 0.45002758125 0.3809154609375 0.44534008125 0.37767471874999997 0.44195466562499996 0.367489534375 0.44091299843750004
0 0.45794461249999996 0.47100096562499993 0.448685353125 0.47152179843750003 0.44266683437500004 0.47542804843750003 0.4435927609375 0.48011554843750004 0.45377794531250004 0.48324054843750003 0.46060553125 0.48243939375 0.46488905625 0.478032215625 0.46396313125 0.47334471562499997 0.45794461249999996 0.47100096562499993
0 0.3417774640625 0.613026275 0.335758946875 0.615370025 0.33298116875 0.6221408578125 0.33714783593750003 0.6260471078125 0.34594413125 0.6268283578125 0.3524256125 0.624224190625 0.355203390625 0.618495025 0.349184871875 0.6135471078125 0.3417774640625 0.613026275
0 0.365709359375 0.4833806078125 0.3587649140625 0.48624519218750006 0.3569130625 0.4909326921875 0.36200565625 0.4948389421875 0.3680241734375 0.49562019218750003 0.3763575078125 0.493016025 0.378209359375 0.4872868578125 0.37311676718750003 0.48390144218750003 0.365709359375 0.4833806078125
0 0.43301646250000003 0.6074973484374999 0.42884979687499997 0.6103619328125001 0.429775721875 0.6150494328125 0.4408868328125 0.618695265625 0.4501460921875 0.6160910984375 0.45107201874999997 0.6103619328125001 0.4432016484375 0.606976515625 0.43301646250000003 0.6074973484374999
0 0.4498968546875 0.43702639843749996 0.4438783359375 0.43989098281250005 0.44202648437500003 0.44405764843749995 0.4471190765625 0.4484847328125 0.454989446875 0.4492659828125 0.460545003125 0.44770348281250005 0.46332278125000004 0.441974315625 0.4582301875 0.4375472328125 0.4498968546875 0.43702639843749996
0 0.44063768281250004 0.5943560546875 0.4346191640625 0.597741471875 0.4336932375 0.6019081374999999 0.43878583125 0.606335221875 0.44850805312500003 0.6071164718750001 0.45591546093749996 0.602428971875 0.45591546093749996 0.5982623046875 0.4471191640625 0.593835221875 0.44063768281250004 0.5943560546875
0 0.43793032031249995 0.6395887984375 0.4309858765625 0.642974215625 0.4309858765625 0.649224215625 0.43607846875 0.6520887984375 0.44487476406250004 0.6523492156249999 0.44950439375 0.650786715625 0.452282171875 0.6445367156249999 0.44441180156250004 0.6395887984375 0.43793032031249995 0.6395887984375
0 0.3516066140625 0.5813352328125 0.3446621703125 0.5836789828125 0.3418843921875 0.5899289828125001 0.3479029109375 0.5943560671875 0.35669920781250003 0.5946164828125 0.365032540625 0.5899289828125001 0.3641066140625 0.5857623171874999 0.359014021875 0.5823769000000001 0.3516066140625 0.5813352328125
0 0.3622899703125 0.5270900375 0.3534936734375 0.5325587875 0.3544196 0.5367254546875 0.36136404375 0.5401108703124999 0.3692344140625 0.5398504546875 0.375715896875 0.5362046203124999 0.375715896875 0.5309962875 0.3715492296875 0.5281317046875 0.3622899703125 0.5270900375
0 0.45224692187500004 0.48498365468750004 0.44437655156250006 0.48888990468750004 0.443450625 0.4925357375 0.44946914375 0.49696282187499996 0.459191365625 0.49722323749999997 0.4665987734375 0.4925357375 0.465672846875 0.48836907187499995 0.4598933234375 0.48492717656249995 0.45224692187500004 0.48498365468750004
0 0.4394978140625 0.5193168453125 0.42884966562500004 0.5227022609375 0.4269978140625 0.528431428125 0.43301633281249996 0.532337678125 0.43996077656250004 0.5331189281250001 0.447368184375 0.529993928125 0.44922003593750004 0.5247855953125 0.4464422578125 0.5211397609375 0.4394978140625 0.5193168453125
0 0.35751820625 0.551649021875 0.35057376093750003 0.5550344375 0.34964783593750004 0.5597219375 0.35659227968749996 0.5646698546875 0.3653885765625 0.564930271875 0.37094413125000003 0.5623261046875 0.3718700578125 0.5560761046875 0.3639996875 0.551649021875 0.35751820625 0.551649021875
0 0.33657794375 0.632217278125 0.3314853515625 0.6356026953125 0.33241127656249997 0.642373528125 0.33935572187499996 0.6452381125 0.3472260921875 0.6449776953125 0.35370757343750003 0.6413318625 0.35370757343750003 0.6356026953125 0.345837203125 0.6316964453125 0.33657794375 0.632217278125
