0 0.7380952375 0.42410714218749995 0.737847221875 0.4188161375 0.7363591265625 0.40988756562499995 0.7310267859375 0.40178571406249997 0.7223462296875 0.3955026453125 0.7129216265625 0.3955026453125 0.7062251984375 0.3984788359375 0.6979166671875 0.4072420640625 0.6956845234375 0.41352513281250003 0.6954365078125 0.42476851875 0.69717261875 0.434689153125 0.7044890875 0.4454365078125 0.7096974203124999 0.4484126984375 0.71924603125 0.44857804218749997 0.7220982140625 0.4480820109375 0.726810515625 0.44477513281250003 0.7353670640625001 0.43336640156249995 0.7380952375 0.42410714218749995
0 0.6651785718750001 0.3883928578125 0.6646825390625 0.3764880953125 0.6607142859375 0.365906084375 0.65438988125 0.35846560781250003 0.647693453125 0.35582010625 0.6380208328125 0.35681216875 0.6321924609375 0.3616071421875 0.627728175 0.371197090625 0.6292162703125 0.3930224875 0.6328125 0.39947089999999996 0.64248511875 0.40707672031250003 0.6498015875 0.4075727515625 0.6529017859375 0.40674603125 0.6588541671875 0.40244709062500006 0.6636904765625 0.39500661406250004 0.6651785718750001 0.3883928578125
0 0.6106150796875001 0.4429563484375 0.6076388890625 0.431382275 0.6005704359374999 0.42261904687499996 0.595362103125 0.41964285781250005 0.5879216265625 0.41931216875 0.5772569437499999 0.42394179843749996 0.5729166671875 0.4293981484375 0.5701884921875 0.43799603125 0.5696924609375 0.44923941875000006 0.5714285718750001 0.45717592656250006 0.5775049609375 0.46660052968750004 0.5842013890625 0.47089947031249996 0.593005953125 0.47238756562499995 0.6028025796875001 0.4675925921875 0.6078869046875 0.4611441796875 0.6106150796875001 0.45089285781250005 0.6106150796875001 0.4429563484375
0 0.777777778125 0.6334325390625 0.7767857140625 0.6231812171875 0.7745535718750001 0.6175595234375 0.767733134375 0.609788359375 0.761284721875 0.6071428578125 0.7568204359374999 0.6078042328125 0.7513640875 0.6111111109375 0.744295634375 0.6178902109375 0.740575396875 0.6291335984375 0.74032738125 0.6393849203124999 0.740575396875 0.6450066140625 0.745163690625 0.652777778125 0.75186011875 0.6577380953125 0.7606646828125 0.658895503125 0.76748511875 0.65575396875 0.7728174609375 0.65062830625 0.7760416671875 0.6446759265625001 0.777777778125 0.6334325390625
0 0.6604662703125 0.5262896828125 0.6574900796875001 0.5180224875 0.6529017859375 0.51223545 0.6494295640625001 0.509920634375 0.6395089281249999 0.5076058203125 0.63231646875 0.5085978843750001 0.6261160718750001 0.5132275125 0.62177579375 0.5209986765625 0.6197916671875 0.5322420640625001 0.6205357140625 0.5428240734374999 0.624255953125 0.5517526453125 0.6308283734375 0.5582010578125 0.635292659375 0.5601851859375 0.6443452375 0.5603505296875 0.6531498015625 0.5552248671875 0.6582341265625 0.5477843921875001 0.6607142859375 0.5391865078125 0.6604662703125 0.5262896828125
0 0.780505953125 0.3139880953125 0.780505953125 0.306382275 0.7792658734375 0.29877645468749997 0.774181546875 0.2890211640625 0.7687251984375 0.28472222187499996 0.760540675 0.2824074078125 0.7535962296875 0.28472222187499996 0.74813988125 0.28802910000000004 0.7462797625 0.290509259375 0.7418154765625 0.2991071421875 0.740575396875 0.3139880953125 0.7425595234375 0.3229166671875 0.7493799609375 0.334325396875 0.7538442453124999 0.33697089999999996 0.7614087296875 0.33713624375 0.7692212296875 0.334325396875 0.7760416671875 0.32622354531250003 0.7792658734375 0.31927910000000004 0.780505953125 0.3139880953125
0 0.6860119046875 0.340112434375 0.686755953125 0.3358134921875 0.6857638890625 0.32457010625 0.681795634375 0.3176256609375 0.6747271828125 0.3111772484375 0.6707589281249999 0.3101851859375 0.6630704359374999 0.3105158734375 0.6548859125 0.3144841265625 0.650545634375 0.31927910000000004 0.6478174609375 0.32457010625 0.6458333328125 0.3331679890625 0.646329365625 0.3397817453125 0.6478174609375 0.34474206406249996 0.6531498015625 0.353174603125 0.6588541671875 0.3571428578125 0.6674107140625 0.3579695765625 0.6744791671875 0.35548941875 0.679439484375 0.3515211640625 0.6830357140625 0.346726190625 0.6860119046875 0.340112434375
0 0.65029761875 0.42741402187500005 0.6493055562500001 0.4194775125 0.644097221875 0.40823412656249997 0.635540675 0.40211640156249995 0.6313244046875 0.4014550265625 0.6288442453124999 0.403108465625 0.6236359125 0.403769840625 0.612847221875 0.4141865078125 0.6103670640625001 0.42377645468749997 0.60987103125 0.431382275 0.6135912703125 0.44460978906250004 0.6181795640625001 0.4513888890625 0.623387896875 0.45535714218749995 0.6339285718750001 0.45684523749999995 0.642237103125 0.4513888890625 0.6473214281249999 0.4452711640625 0.6495535718750001 0.43832672031250003 0.65029761875 0.42741402187500005
0 0.6289682546875001 0.49652777812500004 0.6289682546875001 0.491236771875 0.6259920640625001 0.4796626984375 0.6181795640625001 0.4705687828125 0.6119791671875 0.4675925921875 0.60478670625 0.4672619046875 0.5973462296875 0.4705687828125 0.5917658734375 0.47569444375 0.588045634375 0.48693783125 0.58779761875 0.497519840625 0.5897817453124999 0.5077711640625 0.5943700390625 0.5145502640624999 0.5993303578125 0.51818783125 0.6081349203124999 0.5200066140625 0.616939484375 0.5178571421875 0.622023809375 0.51306216875 0.6267361109375 0.5041335984375 0.6289682546875001 0.49652777812500004
0 0.6341765875 0.627480159375 0.6319444437499999 0.615575396875 0.62686011875 0.60681216875 0.6218998015625 0.6025132281250001 0.611483134375 0.599867725 0.604042659375 0.6025132281250001 0.5974702375 0.608961640625 0.59325396875 0.6175595234375 0.5920138890625 0.628141534375 0.593998015625 0.6383928578125 0.6003224203124999 0.6478174609375 0.6085069437499999 0.653108465625 0.6163194437499999 0.6539351859375 0.623387896875 0.6511243390625 0.6304563484375 0.6426917984375 0.6336805562500001 0.6331018515625 0.6341765875 0.627480159375
0 0.6825396828125 0.6473214281249999 0.6810515875 0.6357473546875 0.6770833328125 0.6268187828125 0.6729910718750001 0.6226851859375 0.6660466265625 0.61904761875 0.661582340625 0.6183862437500001 0.6561259921875 0.6200396828125 0.651909721875 0.6230158734375 0.6460813484375 0.6314484125 0.643601190625 0.63806216875 0.643353175 0.6489748671875 0.6455853171875 0.6582341265625 0.650917659375 0.666335978125 0.6586061515625 0.671296296875 0.6631944437499999 0.671792328125 0.6710069437499999 0.66898148125 0.6774553578125 0.662367725 0.681795634375 0.6539351859375 0.6825396828125 0.6473214281249999
0 0.721478175 0.6770833328125 0.7199900796875001 0.6671626984375 0.7149057546875001 0.658730159375 0.7099454359374999 0.6544312171875 0.701512896875 0.652777778125 0.6933283734375 0.6547619046875 0.6871279765625 0.659391534375 0.6837797625 0.6635251328125 0.6805555562500001 0.6741071421875 0.6805555562500001 0.681382275 0.6827876984375 0.689980159375 0.689608134375 0.6994047625 0.698040675 0.703703703125 0.703869046875 0.703538359375 0.710689484375 0.7010582015625 0.716021825 0.6956018515625 0.7199900796875001 0.68799603125 0.721478175 0.6770833328125
0 0.740079365625 0.6321097890625 0.7361111109375 0.621858465625 0.7310267859375 0.6147486765625 0.7228422625 0.608796296875 0.7176339281249999 0.6081349203124999 0.7092013890625 0.61276455 0.7043650796875001 0.6192129625 0.7021329359374999 0.627480159375 0.702380953125 0.6387235453125 0.70634920625 0.6496362437500001 0.713417659375 0.6570767203125001 0.7196180562500001 0.6610449734375 0.7261904765625 0.6612103171875 0.732762896875 0.658730159375 0.736855159375 0.653604496875 0.740079365625 0.643353175 0.740079365625 0.6321097890625
0 0.77529761875 0.409226190625 0.7728174609375 0.40029761875 0.7684771828125 0.39351851875 0.760788690625 0.3885582015625 0.7523561515625 0.3875661375 0.742435515625 0.3921957671875 0.7385912703125 0.39930555624999997 0.7363591265625 0.4072420640625 0.7380952375 0.4270833328125 0.742435515625 0.43419312187500003 0.7486359125 0.4388227515625 0.7576884921875 0.43964947031249996 0.7655009921875 0.43683862500000004 0.7728174609375 0.428075396875 0.77529761875 0.4194775125 0.77529761875 0.409226190625
0 0.5947420640625001 0.372189153125 0.5952380953125 0.36623677187500003 0.5922619046875 0.353339946875 0.585689484375 0.3452380953125 0.5804811515625 0.3425925921875 0.5725446421875 0.3425925921875 0.5636160718750001 0.346891534375 0.556795634375 0.3556547625 0.5538194437499999 0.365575396875 0.5533234125 0.372189153125 0.556795634375 0.385085978125 0.5618799609375 0.3918650796875 0.5701884921875 0.39500661406250004 0.57998511875 0.39252645468749997 0.585689484375 0.3892195765625 0.591021825 0.38177910000000004 0.5947420640625001 0.372189153125
0 0.6287202375 0.3920304234375 0.62822420625 0.38177910000000004 0.6262400796875001 0.3738425921875 0.620163690625 0.36607142812500004 0.6119791671875 0.3617724875 0.6037946421875 0.3624338625 0.5968501984375 0.365740740625 0.594494046875 0.3698743390625 0.5917658734375 0.3797949734375 0.5870535718750001 0.38707010625 0.5858134921875 0.39103835937500003 0.5882936515625 0.40294312187500003 0.5923859125 0.4080687828125 0.5995783734375 0.41335978906250004 0.6081349203124999 0.4141865078125 0.614707340625 0.41203703750000004 0.6218998015625 0.40542327968749997 0.625 0.4012896828125 0.6287202375 0.3920304234375
0 0.6641865078125 0.4813161375 0.6646825390625 0.4697420640625 0.6629464281249999 0.46213624375 0.6595982140625 0.45634920625 0.65166170625 0.4513888890625 0.6432291671875 0.4513888890625 0.6365327375 0.45601851875 0.6302083328125 0.46445105781249996 0.627976190625 0.47073412656249997 0.627728175 0.48230820156250004 0.6302083328125 0.4945436515625 0.635788690625 0.500661375 0.64384920625 0.502810846875 0.651165675 0.5013227515625001 0.6568700390625 0.49636243437500005 0.6614583328125 0.4895833328125 0.6641865078125 0.4813161375
0 0.6944444437499999 0.5428240734374999 0.690476190625 0.5325727515625001 0.68291170625 0.5241402109375 0.6747271828125 0.5208333328125 0.6660466265625 0.521494709375 0.6609623015625 0.52529761875 0.6609623015625 0.5381944437499999 0.659226190625 0.5451388890625 0.655505953125 0.5537367718749999 0.656001984375 0.559027778125 0.6588541671875 0.5641534390625 0.66728670625 0.572089946875 0.6729910718750001 0.5737433859375 0.6785714281249999 0.5735780421875 0.6851438484375 0.5714285718750001 0.690476190625 0.565310846875 0.6944444437499999 0.5560515875 0.6944444437499999 0.5428240734374999
0 0.6602182546875001 0.5805224875 0.658730159375 0.57523148125 0.6545138890625 0.5676256609375 0.649181546875 0.5628306875 0.6442212296875 0.5608465609375 0.6315724203124999 0.5608465609375 0.626612103125 0.565476190625 0.6210317453124999 0.57490079375 0.6195436515625 0.583829365625 0.6197916671875 0.59375 0.62177579375 0.60003306875 0.6318204359374999 0.61276455 0.641369046875 0.614914021875 0.6496775796875001 0.612103175 0.6577380953125 0.6020171953125 0.6602182546875001 0.591104496875 0.6602182546875001 0.5805224875
0 0.669146825 0.6965939156250001 0.669146825 0.6853505296875 0.6671626984375 0.6807209000000001 0.6595982140625 0.671957671875 0.6548859125 0.6699735453125 0.6434771828125 0.6696428578125 0.635788690625 0.6739417984375 0.6294642859375 0.6827050265625 0.627480159375 0.690310846875 0.627976190625 0.7008928578125 0.63095238125 0.7075066140625 0.639012896875 0.715277778125 0.6480654765625 0.718088625 0.6558779765625 0.7166005296875 0.6620783734375 0.7116402109375 0.6669146828125 0.7041997359375001 0.669146825 0.6965939156250001
0 0.740079365625 0.3609457671875 0.737103175 0.3510251328125 0.732762896875 0.3452380953125 0.7255704359374999 0.340939153125 0.7211061515625 0.340608465625 0.711185515625 0.3449074078125 0.706101190625 0.35036375625 0.703125 0.3579695765625 0.702876984375 0.3678902109375 0.7046130953125 0.3821097890625 0.7087053578125 0.389880953125 0.714409721875 0.39384920625 0.7242063484375 0.3943452375 0.73251488125 0.390542328125 0.73759920625 0.3831018515625 0.740079365625 0.372189153125 0.740079365625 0.3609457671875
0 0.693204365625 0.4300595234375 0.6924603171875 0.419146825 0.690228175 0.41253306875 0.6836557546875001 0.40542327968749997 0.6749751984375 0.40244709062500006 0.666790675 0.403769840625 0.66083829375 0.40674603125 0.65575396875 0.41319444375 0.65302579375 0.41848545000000004 0.6520337296875 0.4231150796875 0.6520337296875 0.4393187828125 0.6547619046875 0.44460978906250004 0.6618303578125 0.45238095312500004 0.6662946421875 0.4540343921875 0.672619046875 0.4541997359375 0.6781994046875 0.453373015625 0.685887896875 0.44742063437499996 0.690476190625 0.440310846875 0.693204365625 0.4300595234375
0 0.7366071421875 0.491236771875 0.7331349203124999 0.4813161375 0.725818453125 0.47321428593750003 0.7218501984375 0.4705687828125 0.7161458328125 0.46924603125 0.7062251984375 0.4705687828125 0.69990079375 0.4763558203125 0.6986607140625 0.48098545000000004 0.6956845234375 0.4859457671875 0.6949404765625 0.490575396875 0.6954365078125 0.5011574078125001 0.6989087296875 0.5114087296875 0.7037450390625 0.5168650796875001 0.7119295640625001 0.521164021875 0.7175099203124999 0.521329365625 0.726314484375 0.51818783125 0.7331349203124999 0.5117394187500001 0.7366071421875 0.502810846875 0.7366071421875 0.491236771875
0 0.7867063484375 0.3635912703125 0.78447420625 0.3510251328125 0.781001984375 0.3450727515625 0.776413690625 0.339947090625 0.7684771828125 0.3363095234375 0.7565724203124999 0.3389550265625 0.7493799609375 0.3449074078125 0.74677579375 0.35069444375000003 0.7450396828125 0.3609457671875 0.7485119046875 0.37483465625 0.754340278125 0.3855820109375 0.7647569437499999 0.39021164062499997 0.76884920625 0.390376984375 0.7774057546875001 0.3855820109375 0.784226190625 0.3764880953125 0.7862103171875 0.37053571406249997 0.7867063484375 0.3635912703125
0 0.7586805562500001 0.6787367718749999 0.7566964281249999 0.669146825 0.75186011875 0.6600529093749999 0.745163690625 0.6550925921874999 0.7372271828125 0.6541005296875 0.732762896875 0.658730159375 0.72333829375 0.6626984125 0.721726190625 0.6645171953125 0.7209821421875 0.6678240734374999 0.721230159375 0.6810515875 0.7197420640625001 0.690310846875 0.721230159375 0.6952711640625 0.729538690625 0.7040343921875001 0.7367311515625 0.7070105812499999 0.7415674609375 0.7068452375 0.7486359125 0.703042328125 0.755704365625 0.6956018515625 0.7586805562500001 0.685019840625 0.7586805562500001 0.6787367718749999
0 0.6984126984375 0.6043320109375 0.6981646828125 0.590443121875 0.6941964281249999 0.5801917984375 0.6903521828125 0.5757275125 0.6839037703125 0.5727513234375 0.6754712296875 0.5744047625 0.666790675 0.5740740734374999 0.6614583328125 0.5805224875 0.661954365625 0.5858134921875 0.65947420625 0.6020171953125 0.66220238125 0.61292989375 0.664310515625 0.6170634921875 0.6752232140625 0.624338625 0.6788194437499999 0.62549603125 0.6876240078125 0.6230158734375 0.6915922625 0.6200396828125 0.6954365078125 0.6145833328125 0.6984126984375 0.6043320109375
0 0.749255953125 0.5534060843749999 0.7480158734375 0.547123015625 0.7460317453124999 0.5428240734374999 0.7402033734375 0.5357142859375 0.7310267859375 0.53174603125 0.7228422625 0.5320767203125001 0.7198660718750001 0.5333994703125 0.7135416671875 0.5401785718750001 0.708829365625 0.5514219578125 0.7080853171875 0.5603505296875 0.70907738125 0.5646494703125 0.7158978171875 0.575396825 0.7223462296875 0.58068783125 0.7304067453124999 0.5828373015625 0.7382192453124999 0.5800264546875 0.7452876984375 0.572585978125 0.7487599203124999 0.564980159375 0.749255953125 0.5534060843749999
0 0.70362103125 0.3761574078125 0.7021329359374999 0.365575396875 0.69990079375 0.359953703125 0.6968005953125 0.35582010625 0.6908482140625 0.3511904765625 0.682167659375 0.35052910000000004 0.6717509921875 0.3571428578125 0.6651785718750001 0.365575396875 0.6644345234375 0.3735119046875 0.6654265875 0.390376984375 0.666170634375 0.3936838625 0.6717509921875 0.4007936515625 0.682167659375 0.4044312171875 0.6865079359374999 0.40426587343750003 0.695064484375 0.3988095234375 0.6994047625 0.3936838625 0.70362103125 0.3821097890625 0.70362103125 0.3761574078125
0 0.7728174609375 0.5054563484375 0.76884920625 0.4932209 0.7647569437499999 0.48809523749999995 0.75731646875 0.484788359375 0.7508680562500001 0.484788359375 0.7461557546875001 0.48644179843749996 0.7390873015625 0.4945436515625 0.734126984375 0.51240079375 0.734126984375 0.5193452375 0.737351190625 0.5289351859375 0.7402033734375 0.5327380953125 0.74541170625 0.5360449734375 0.7542162703125 0.53687169375 0.761284721875 0.533730159375 0.766369046875 0.528273809375 0.771329365625 0.5176917984375 0.7728174609375 0.5054563484375
