0 0.3094983203125 0.7685165203125 0.30162795 0.772943603125 0.30162795 0.7786727703125 0.30857239375 0.7820581875 0.317368690625 0.7817977703125 0.323850171875 0.7781519375 0.323850171875 0.7719019375 0.316905728125 0.7685165203125 0.3094983203125 0.7685165203125
0 0.40142933125 0.7994355265624999 0.3935589609375 0.8028209437499999 0.3917071078125 0.8069876109375 0.3967997015625 0.8129771937499999 0.405595996875 0.8142792765625 0.41392933125000003 0.8111542765624999 0.41485525624999997 0.8054251109375 0.4088367375 0.8004771937499999 0.40142933125 0.7994355265624999
0 0.3072010859375 0.8133180718749999 0.30024213125 0.8139533437500001 0.29746435312499997 0.8207241765625 0.3044087984375 0.826713759375 0.31320509375 0.8264533437500001 0.3196865765625 0.822807509375 0.3206125015625 0.8155158437500001 0.3144478671875 0.813026875 0.3072010859375 0.8133180718749999
0 0.3987366625 0.8131154046875 0.3908662921875 0.8170216546875 0.3908662921875 0.8222299890625001 0.3968848109375 0.8266570718749999 0.40753295781250004 0.8269174890625001 0.41308851406249997 0.824313321875 0.4140144390625 0.8170216546875 0.4070699953125 0.812594571875 0.3987366625 0.8131154046875
0 0.3948440515625 0.7656656546875 0.3888255328125 0.7680094046875 0.38604775625 0.7732177375 0.3920662734375 0.7792073203125 0.39901071875 0.7799885703125 0.4054922 0.7779052375 0.408269978125 0.7716552375 0.40317738593749997 0.7667073203125 0.3948440515625 0.7656656546875
0 0.2973050140625 0.8689776218749999 0.298075603125 0.875263628125 0.30539632499999997 0.8774312203125 0.315028846875 0.8782982609375001 0.31942306875000004 0.8735078640625 0.31849714375 0.8688203640625 0.3134876375 0.8644256640625001 0.303219365625 0.8659557796874999 0.2973050140625 0.8689776218749999
0 0.3685135828125 0.87032225625 0.3689765453125 0.87266600625 0.372840353125 0.876112190625 0.3790051890625 0.8791468234375 0.3882523875 0.878279784375 0.39258765625 0.8724055890625 0.39166173125000003 0.8677180890624999 0.38008765625 0.8643326734375 0.37360617500000004 0.8658951734375 0.3685135828125 0.87032225625
0 0.296583 0.89118086875 0.28963855625 0.896128784375 0.28963855625 0.9018579515624999 0.2975089265625 0.90680586875 0.30630522187500003 0.9065454515625 0.312786703125 0.9034204515625 0.31463855625 0.896128784375 0.3067681859375 0.89118086875 0.296583 0.89118086875
0 0.28672188125 0.92785660625 0.283390228125 0.93402195625 0.2859783609375 0.9389723812499999 0.29426041875000003 0.9413020062499999 0.3038515109375 0.93957535625 0.30662928749999996 0.93645035625 0.3038515109375 0.929158690625 0.2978329921875 0.926814940625 0.28672188125 0.92785660625
0 0.387433215625 0.9421646515625 0.38173933125000004 0.9468238781249999 0.3817928046875 0.9520968203125 0.39938539687499997 0.952617653125 0.4040150265625 0.9468884859375001 0.4029620140625 0.9442030562499999 0.395197615625 0.9421646515625 0.387433215625 0.9421646515625
0 0.2803402734375 0.96647188125 0.2743217546875 0.9708989640624999 0.27524768125 0.9776697984375 0.2849431234375 0.9807478421875 0.29469212499999997 0.97819063125 0.297469903125 0.9755864640624999 0.2956180515625 0.9677739640624999 0.28867360625 0.9654302140625 0.2803402734375 0.96647188125
0 0.3831180125 0.9537256125000001 0.3761735671875 0.9607568625 0.3840439375 0.967267278125 0.3909883828125 0.968048528125 0.3983957890625 0.9654443625000001 0.40024764218750003 0.9576318625000001 0.3951550484375 0.9542464453124999 0.3831180125 0.9537256125000001
0 0.2791666671875 0.98125 0.272222221875 0.9846354171874999 0.272222221875 0.9924479171874999 0.278240740625 0.9958333328125001 0.2870370375 0.9955729171875 0.29444444375 0.9908854171874999 0.2953703703125 0.9856770828125001 0.290277778125 0.9817708328125001 0.2791666671875 0.98125
0 0.38333333281250004 0.9903645828125001 0.38055555625 0.9940104171874999 0.3828703703125 1 0.40277777812500004 0.9997395828125001 0.403703703125 0.9924479171874999 0.3976851859375 0.9885416671874999 0.38935185156249996 0.9880208328125001 0.38333333281250004 0.9903645828125001
