0 0.327663546875 0.66617278125 0.3197931765625 0.6705998640625 0.3197931765625 0.67632903125 0.326737621875 0.679714446875 0.3355339171875 0.6794540312499999 0.3420153984375 0.675808196875 0.3420153984375 0.669558196875 0.33507095468750003 0.66617278125 0.327663546875 0.66617278125
0 0.41619074375 0.6973796453125 0.4083203734375 0.7007650625 0.40646852187500004 0.7049317281249999 0.4115611140625 0.7109213125 0.4203574109375 0.7122233953125 0.42869074375 0.7090983953125 0.42961666875000004 0.7033692281249999 0.42769574375 0.6997315687500001 0.41619074375 0.6973796453125
0 0.3231823390625 0.7105184484375 0.3162233859375 0.71115371875 0.31344560781249997 0.717924553125 0.3203900515625 0.7239141359375 0.3291863484375 0.72365371875 0.33566782968750003 0.7200078859375 0.33659375625 0.71271621875 0.33042911875000003 0.71022725 0.3231823390625 0.7105184484375
0 0.414533325 0.710505240625 0.4066629546875 0.714411490625 0.4066629546875 0.7196198234375 0.41268147343750006 0.72404690625 0.42332962187499995 0.7243073234375 0.4288851765625 0.72170315625 0.42981110312500004 0.714411490625 0.4228666578125 0.70998440625 0.414533325 0.710505240625
0 0.412457184375 0.6620070828125 0.406438665625 0.6643508328125 0.40366088749999995 0.6695591656250001 0.40967940625 0.67554875 0.41662385156250004 0.67633 0.4231053328125 0.674246665625 0.42588311093750003 0.667996665625 0.4207905171875 0.66304875 0.412457184375 0.6620070828125
0 0.31429284218750003 0.7614135953125001 0.31506343124999997 0.7676996015625 0.322384153125 0.76986719375 0.33201667343749997 0.770734234375 0.33641089687500003 0.7659438359374999 0.33548497187500004 0.7612563359375 0.3304754640625 0.7568616375 0.32020719375 0.758391753125 0.31429284218750003 0.7614135953125001
0 0.386486553125 0.7615056921875001 0.386949515625 0.7638494421875001 0.3908133234375 0.7672956281250001 0.3969781609375 0.7703302609375 0.40622535624999995 0.7694632203125 0.41056062656250003 0.7635890265625 0.4096347015625 0.7589015265625 0.3980606265625 0.755516109375 0.39157914531250004 0.7570786093749999 0.386486553125 0.7615056921875001
0 0.31440027656249997 0.7836167875 0.30745583125 0.7885647046875001 0.30745583125 0.794293871875 0.3153262015625 0.7992417875 0.3241224984375 0.798981371875 0.3306039796875 0.795856371875 0.33245583125 0.7885647046875001 0.32458546093749996 0.7836167875 0.31440027656249997 0.7836167875
0 0.304744934375 0.8200890187500001 0.30141328125 0.8262543703125 0.3040014140625 0.8312047953125001 0.3122834734375 0.83353441875 0.3218745640625 0.8318077687500001 0.3246523421875 0.82868276875 0.3218745640625 0.821391103125 0.3158560453125 0.819047353125 0.304744934375 0.8200890187500001
0 0.3999682765625 0.8341936234375 0.3942743921875 0.83885285 0.394327865625 0.8441257906249999 0.4054696390625 0.8475032421875 0.4162459625 0.84598764375 0.4165500875 0.8389174578124999 0.4154970765625 0.836232028125 0.4077326765625 0.8341936234375 0.3999682765625 0.8341936234375
0 0.295825134375 0.8563152046875 0.289806615625 0.8607422874999999 0.2907325421875 0.8675131203124999 0.3004279859375 0.870591165625 0.3101769859375 0.8680339546875 0.3129547640625 0.8654297874999999 0.3111029125 0.8576172874999999 0.3041584671875 0.8552735374999999 0.295825134375 0.8563152046875
0 0.3968442375 0.8447337109375 0.38989979375 0.8517649609375001 0.3977701640625 0.8582753765625 0.4047146078125 0.8590566265625 0.41212201562499995 0.8564524609375 0.41397386718750007 0.8486399609375 0.408881275 0.84525454375 0.3968442375 0.8447337109375
0 0.297395653125 0.8716194406250001 0.2904512078125 0.87500485625 0.2904512078125 0.88281735625 0.2964697265625 0.8862027734375 0.3052660234375 0.88594235625 0.31267343125 0.88125485625 0.31359935625 0.8760465234374999 0.3085067640625 0.8721402734374999 0.297395653125 0.8716194406250001
0 0.3990240875 0.8816357625 0.396246309375 0.8852815953125001 0.3985611234375 0.8912711796874999 0.4073947109375 0.8938591499999999 0.41846853125 0.8910107625 0.41939445781250007 0.8837190953125 0.41337593906250003 0.8798128453125 0.40504260625 0.8792920125 0.3990240875 0.8816357625
