0 0.3084630828125 0.79006545625 0.30059271249999997 0.7944925390625001 0.30059271249999997 0.80022170625 0.3075371578125 0.8036071218749999 0.316333453125 0.8033467062499999 0.3228149359375 0.799700871875 0.3228149359375 0.793450871875 0.315870490625 0.79006545625 0.3084630828125 0.79006545625
0 0.39935885625 0.8206932703125001 0.39148848593749996 0.8240786874999999 0.3896366328125 0.828245353125 0.3947292265625 0.8342349375 0.40352552187499996 0.8355370203125 0.41185885625 0.8324120203125001 0.41278478124999995 0.8266828531250001 0.4067662625 0.8217349374999999 0.39935885625 0.8206932703125001
0 0.302119621875 0.831764096875 0.296101103125 0.8346286796875001 0.29332332499999997 0.8413995140624999 0.30026776875 0.847389096875 0.309064065625 0.8471286796875 0.315545546875 0.843482846875 0.3164714734375 0.8361911796875001 0.3132307328125 0.8328057640625 0.302119621875 0.831764096875
0 0.39821904375 0.8358291703124999 0.3903486734375 0.8397354203124999 0.3903486734375 0.844943753125 0.3963671921875 0.8493708359375001 0.40701533906250004 0.849631253125 0.41257089531249996 0.8470270859375001 0.41349682187500003 0.8397354203124999 0.4065523765625 0.8353083359375001 0.39821904375 0.8358291703124999
0 0.3917382984375 0.7866322046875001 0.38571978125 0.7889759546875 0.38294200312500004 0.7941842890624999 0.38896052187499996 0.800173871875 0.395904965625 0.800955121875 0.402386446875 0.7988717890625 0.40516422499999993 0.7926217890625 0.40007163281249997 0.787673871875 0.3917382984375 0.7866322046875001
0 0.29368164218750004 0.8893617515625 0.2944522328125 0.89564775625 0.3017729546875 0.8978153484375 0.3114054765625 0.8986823890625001 0.3157996984375 0.8938919921874999 0.314873771875 0.8892044921875 0.3098642671875 0.88480979375 0.29959599375 0.8863399078124999 0.29368164218750004 0.8893617515625
0 0.36540783125 0.8930360203125 0.36587079375 0.8953797703124999 0.3697346015625 0.8988259546874999 0.3758994375 0.9018605890625 0.38514663437499996 0.9009935484374999 0.3894819046875 0.8951193546875 0.388555978125 0.8904318546875001 0.3769819046875 0.8870464374999999 0.3705004234375 0.8886089374999999 0.36540783125 0.8930360203125
0 0.29399490625 0.9124386 0.2870504625 0.9173865171875001 0.2870504625 0.923115684375 0.29492083281250003 0.9280636 0.303717128125 0.927803184375 0.3101986109375 0.924678184375 0.3120504625 0.9173865171875001 0.30418009218750003 0.9124386 0.29399490625 0.9124386
0 0.285686603125 0.94969675625 0.28059401093749997 0.9541238390625001 0.28151993750000004 0.9603738390625001 0.2934881359375 0.961343896875 0.30281623281250003 0.96141550625 0.3055940109375 0.95829050625 0.30281623281250003 0.9509988390625 0.2967977140625 0.9486550890625001 0.285686603125 0.94969675625
0 0.38244541249999997 0.9617589703125 0.37642689375 0.9672277203125 0.379204671875 0.9745193859375 0.39679726406250004 0.9750402203125 0.40142689374999996 0.969311053125 0.3995750421875 0.9641027203125001 0.391704671875 0.9607173031249999 0.38244541249999997 0.9617589703125
0 0.2736111109375 0.9880208328125001 0.2675925921875 0.9924479171874999 0.26851851875 0.99921875 0.28796296250000003 0.9997395828125001 0.290740740625 0.9971354171875 0.2888888890625 0.9893229171875 0.28194444375 0.9869791671874999 0.2736111109375 0.9880208328125001
0 0.3763888890625 0.9776041671875 0.36944444375 0.9846354171874999 0.3773148140625 0.9911458328125 0.384259259375 0.9919270828125001 0.3916666671875 0.9893229171875 0.39351851875 0.9815104171875 0.38842592656249997 0.978125 0.3763888890625 0.9776041671875
