0 0.3970704515625 0.2844842828125 0.38615191718749997 0.2878797171875 0.384300065625 0.2925672171875 0.3893926578125 0.2964734671875 0.397263028125 0.296733884375 0.4046704359375 0.293608884375 0.40652228749999997 0.288921384375 0.403281546875 0.2855359671875 0.3970704515625 0.2844842828125
0 0.48463313125 0.30845803437499997 0.475373871875 0.3089788671875 0.469355353125 0.3128851171875 0.470281278125 0.3175726171875 0.4804664640625 0.3206976171875 0.4872940484375 0.3198964625 0.491577575 0.315489284375 0.49065164843750003 0.310801784375 0.48463313125 0.30845803437499997
0 0.37084233437499997 0.44982032656250004 0.364823815625 0.4521640765625 0.3620460375 0.4589349109375 0.3662127046875 0.4628411609375 0.3750090015625 0.4636224109375 0.3814904828125 0.46101824375 0.3842682609375 0.45528907656250006 0.3782497421875 0.4503411609375 0.37084233437499997 0.44982032656250004
0 0.392397921875 0.3211582703125 0.3854534765625 0.324022853125 0.383601625 0.328710353125 0.38869421718749997 0.332616603125 0.3947127359375 0.33339785312500003 0.40304606875 0.33079368593749997 0.4053774265625 0.3261061640625 0.39980532812499997 0.32167910312500003 0.392397921875 0.3211582703125
0 0.45921248593749997 0.43814542031250003 0.45504581875000005 0.44101000468749996 0.45597174531249995 0.44569750468749997 0.46708285624999996 0.44934333750000005 0.47634211562499995 0.4467391703125 0.4772680421875 0.44101000468749996 0.46939767187500003 0.43762458750000005 0.45921248593749997 0.43814542031250003
0 0.47491435624999995 0.275488796875 0.4688958375 0.27835338125 0.46704398593749996 0.282520046875 0.47213657812500004 0.28694713125 0.4800069484375 0.28772838125 0.485562503125 0.28616588125 0.48834028125 0.28043671406250004 0.48324768906250004 0.27600963125 0.47491435624999995 0.275488796875
0 0.468427371875 0.42444999843750003 0.462408853125 0.427835415625 0.46148292656249995 0.43200208125 0.46657551875000003 0.436429165625 0.4762977421875 0.43721041562499996 0.4837051484375 0.432522915625 0.4837051484375 0.42835624843750003 0.474908853125 0.423929165625 0.468427371875 0.42444999843750003
0 0.4658166671875 0.47799679531250006 0.4588722234375 0.48138221249999996 0.4588722234375 0.4876322125 0.46396481562499997 0.4904967953125 0.4727611125 0.4907572125 0.4773907421875 0.48919471249999996 0.48016851875000005 0.4829447125 0.47229814843750006 0.47799679531250006 0.4658166671875 0.47799679531250006
0 0.3817919609375 0.420118296875 0.3748475171875 0.42246204687500005 0.37206973906249996 0.42871204687500003 0.3780882578125 0.43313913125000003 0.386884553125 0.43339954687500004 0.3952178875 0.42871204687500003 0.3942919609375 0.42454538125 0.38919936875 0.4211599640625 0.3817919609375 0.420118296875
0 0.3917893328125 0.364623303125 0.3829930375 0.370092053125 0.3839189625 0.37425871875 0.3908634078125 0.3776441359375 0.398733778125 0.37738371875 0.40521525937499997 0.3737378859375 0.40521525937499997 0.368529553125 0.40104859218750005 0.36566496875 0.3917893328125 0.364623303125
0 0.4773224671875 0.3278693125 0.469452096875 0.3317755625 0.46852617187499995 0.335421396875 0.47454468906249997 0.3398484796875 0.4842669125 0.340108896875 0.49167431875 0.335421396875 0.49074839375 0.3312547296875 0.48496886874999995 0.32781283437500003 0.4773224671875 0.3278693125
0 0.4674615984375 0.353942815625 0.45681345156250003 0.35732823125 0.45496159843750006 0.36305739843749996 0.4609801171875 0.36696364843749996 0.46792456250000003 0.36774489843749997 0.47533196875000006 0.3646198984375 0.477183821875 0.359411565625 0.47440604375 0.35576573125 0.4674615984375 0.353942815625
0 0.3854432921875 0.3875683546875 0.3784988484375 0.39095377187499997 0.377572921875 0.395641271875 0.3845173671875 0.40058918906249996 0.3933136625 0.40084960468749997 0.39886921875 0.3982454390625 0.39979514374999997 0.3919954390625 0.3919247734375 0.3875683546875 0.3854432921875 0.3875683546875
0 0.3667826828125 0.47094590468749997 0.3616900890625 0.474331321875 0.362616015625 0.48110215468749995 0.3695604609375 0.4839667375 0.37743083125 0.483706321875 0.3839123125 0.4800604875 0.3839123125 0.474331321875 0.3760419421875 0.470425071875 0.3667826828125 0.47094590468749997
