0 0.3308947484375 0.3446671390625 0.3211725265625 0.3480525546875 0.3202466015625 0.3511775546875 0.32533919375 0.3556046390625 0.3332095640625 0.3563858890625 0.3424688234375 0.3527400546875 0.3433947484375 0.349094221875 0.3392280828125 0.3457088046875 0.3308947484375 0.3446671390625
0 0.43058649843749996 0.4823403375 0.42641983124999994 0.48520492031250007 0.42641983124999994 0.4893715875 0.4333642765625 0.49275700312500004 0.441234646875 0.49249658749999997 0.447716128125 0.4893715875 0.447716128125 0.48468408749999997 0.4407716828125 0.48129867031250007 0.43058649843749996 0.4823403375
0 0.3551545140625 0.46803487187500004 0.34913599687499997 0.470378621875 0.34728414375 0.47454528749999997 0.3505248859375 0.47845153749999997 0.35932118125 0.47975362187500004 0.36580266250000004 0.478191121875 0.3676545140625 0.47350362187500006 0.36256192187499997 0.4690765375 0.3551545140625 0.46803487187500004
0 0.3527468359375 0.451993690625 0.34580239062499996 0.454858275 0.3448764640625 0.460587440625 0.34904313125 0.462931190625 0.3569135015625 0.4631916078125 0.3633949828125 0.460587440625 0.36524683593749996 0.45642077499999995 0.36015424218750003 0.45251452499999995 0.3527468359375 0.451993690625
0 0.443919596875 0.4154992453125 0.44067885625000003 0.41784299531249997 0.44345663281250003 0.4240929953125 0.456419596875 0.42565549531249997 0.462901078125 0.4225304953125 0.4619751515625 0.4173221609375 0.45225292968749997 0.41393674531249997 0.443919596875 0.4154992453125
0 0.29305559375 0.47175047656249997 0.2879630015625 0.47513589375 0.2879630015625 0.47982339375 0.29398151875 0.4832088109375 0.302777815625 0.48346922656249997 0.3074074453125 0.48242756093750006 0.3101852234375 0.47565672656249997 0.302314853125 0.47122964375 0.29305559375 0.47175047656249997
0 0.32682090937499997 0.491577003125 0.3217283171875 0.49496242031250004 0.3226542421875 0.49964992031250005 0.3295986875 0.502514503125 0.3383949828125 0.5022540875 0.3439505390625 0.49964992031250005 0.3439505390625 0.493920753125 0.33700609375 0.4905353375 0.32682090937499997 0.491577003125
0 0.41521585625 0.45643819375000005 0.40827141093749997 0.46034444375000005 0.40919733750000004 0.46503194375 0.4221603 0.46815694375000005 0.42956770781250003 0.4655527765625 0.43049363281249997 0.46034444375000005 0.4235491890625 0.45643819375000005 0.41521585625 0.45643819375000005
0 0.2920677078125 0.37178537968750003 0.2860491890625 0.37517079531249997 0.2860491890625 0.3788166296875 0.29114178125 0.38168121250000003 0.299938078125 0.3819416296875 0.3054936328125 0.3788166296875 0.3054936328125 0.3736082953125 0.2994751140625 0.37126454531249997 0.2920677078125 0.37178537968750003
0 0.28555532031249997 0.4143030578125 0.28462939375 0.418469725 0.2915738390625 0.42185514062499996 0.29851828281250004 0.421594725 0.3040738390625 0.418469725 0.3040738390625 0.413782225 0.2924997640625 0.411438475 0.28555532031249997 0.4143030578125
0 0.3234873421875 0.392028096875 0.3146910453125 0.3954135125 0.3146910453125 0.400621846875 0.3267280828125 0.403746846875 0.3341354890625 0.4016635125 0.33598734218750004 0.3964551796875 0.331820675 0.39306976250000003 0.3234873421875 0.392028096875
0 0.39811720625 0.3780004828125 0.3939505390625 0.3813858984375 0.3948764640625 0.385552565625 0.39996905781250003 0.38841714843749997 0.41061720625 0.388677565625 0.4161727609375 0.385552565625 0.4152468359375 0.37930256562500003 0.408302390625 0.376958815625 0.39811720625 0.3780004828125
0 0.46614181875 0.4577228890625 0.4610492265625 0.4600666390625 0.46012329999999996 0.4652749734375 0.463364040625 0.46813955625 0.4749381140625 0.4694416390625 0.4832714484375 0.4647541390625 0.482345521875 0.4605874734375 0.47447515156250003 0.45720205625 0.46614181875 0.4577228890625
0 0.34064791250000004 0.39112599531250003 0.3355553203125 0.3945114125 0.3355553203125 0.398678078125 0.34064791250000004 0.4015426625 0.349444209375 0.40180307812500005 0.3549997640625 0.400240578125 0.35685161718749997 0.3945114125 0.349907171875 0.3906051625 0.34064791250000004 0.39112599531250003
0 0.3657097984375 0.4147366671875 0.36154313125000004 0.41812208437500004 0.3633949828125 0.42280958437500005 0.36848757656250003 0.425153334375 0.377283871875 0.4248929171875 0.382839428125 0.4207262515625 0.38191350156250004 0.4170804171875 0.376820909375 0.41421583437500004 0.3657097984375 0.4147366671875
0 0.40867252656249997 0.40400726249999996 0.40080215625 0.408434346875 0.4017280828125 0.4126010125 0.40867252656249997 0.415465596875 0.415616971875 0.4152051796875 0.42005928125 0.41351963124999996 0.422098453125 0.408434346875 0.41793178593749997 0.4050489296875 0.40867252656249997 0.40400726249999996
0 0.483796371875 0.43161145 0.48055563125 0.43499686718749997 0.48148155625 0.4396843671875 0.490740815625 0.442288534375 0.4986111859375 0.44098645000000003 0.5018519265625 0.43708020000000003 0.49583340781249996 0.430569784375 0.483796371875 0.43161145
0 0.39984525 0.35220178125 0.39290080625 0.35454553125 0.391048953125 0.36079553125 0.397067471875 0.3636601140625 0.40493784218749995 0.3633996984375 0.4101809828125 0.36211528125000003 0.4114193234375 0.3571496984375 0.40725265781250003 0.3532434484375 0.39984525 0.35220178125
0 0.421420103125 0.3682902796875 0.421420103125 0.3724569453125 0.426512696875 0.37584236249999997 0.4353089921875 0.3761027796875 0.4427164 0.37193611249999997 0.4417904734375 0.36724861249999996 0.42836454843749994 0.3643840296875 0.421420103125 0.3682902796875
0 0.476018715625 0.388134271875 0.469074271875 0.3915196890625 0.469074271875 0.39620718906249996 0.4750927890625 0.39959260625000004 0.48388908593749996 0.399853021875 0.49037056718749994 0.39620718906249996 0.49129649375 0.392040521875 0.4834261234375 0.388134271875 0.476018715625 0.388134271875
0 0.35836427656250003 0.37716188125 0.354197609375 0.3831514640625 0.3560494609375 0.38575563125 0.36206797968750004 0.38809938125 0.3708642765625 0.3878389640625 0.37641983125 0.38419313125 0.37641983125 0.37898479687500003 0.37040131249999997 0.3761202140625 0.35836427656250003 0.37716188125
