0 0.36957048124999997 0.43254250625 0.3611150234375 0.4366038 0.359263171875 0.44129129999999994 0.36435576406250003 0.44519754999999994 0.3722261359375 0.44545796718749997 0.3796335421875 0.4423329671875 0.38148539375 0.43764546718749997 0.378244653125 0.43426004999999995 0.36957048124999997 0.43254250625
0 0.458514503125 0.46426817031249995 0.44925524375 0.46478900312500004 0.44323672500000005 0.46869525312500004 0.4441626515625 0.473382753125 0.45434783593750006 0.47650775312500004 0.461175421875 0.4757065984375 0.465458946875 0.47129942031249994 0.464533021875 0.4666119203125 0.458514503125 0.46426817031249995
0 0.3406376828125 0.60693466875 0.3346191640625 0.60927841875 0.3318413859375 0.616049253125 0.336008053125 0.619955503125 0.34480434843749996 0.620736753125 0.35128583125 0.6181325859375 0.3540636078125 0.61240341875 0.3480450890625 0.607455503125 0.3406376828125 0.60693466875
0 0.365709359375 0.4753653765625 0.3587649140625 0.47822996093750003 0.3569130625 0.48291746093750004 0.36200565625 0.48682371093750004 0.3680241734375 0.48760496093750005 0.3763575078125 0.48500079375 0.3786888640625 0.4803132703125 0.37311676718750003 0.47588621093750005 0.365709359375 0.4753653765625
0 0.4370057421875 0.598840909375 0.4328390765625 0.6017054921875 0.4337650015625 0.6063929921875 0.4448761125 0.610038825 0.45413537187499997 0.607434659375 0.45506129843750004 0.6017054921875 0.44719092812500005 0.598320075 0.4370057421875 0.598840909375
0 0.4498968546875 0.428369946875 0.4438783359375 0.4312345296875 0.44202648437500003 0.435401196875 0.4471190765625 0.4398282796875 0.454989446875 0.4406095296875 0.460545003125 0.4390470296875 0.46332278125000004 0.43331786406250006 0.4582301875 0.4288907796875 0.4498968546875 0.428369946875
0 0.44177750781249997 0.5863408234375 0.43575898906250005 0.589726240625 0.4348330625 0.59389290625 0.43992565624999996 0.5983199906250001 0.44964787812499996 0.599101240625 0.4570552859375 0.5944137406250001 0.4570552859375 0.5902470734375 0.44825898906250006 0.585819990625 0.44177750781249997 0.5863408234375
0 0.4419196 0.6325353812500001 0.43497515625 0.635920796875 0.43497515625 0.642170796875 0.44006774843749996 0.64503538125 0.44886404375 0.6452957968749999 0.4534936734375 0.643733296875 0.45627145156250004 0.6374832968749999 0.44840108125 0.6325353812500001 0.4419196 0.6325353812500001
0 0.35331633125 0.57364060625 0.3463718859375 0.57598435625 0.3435941078125 0.5822343562500001 0.34961262656250003 0.5866614390625 0.35840892343749997 0.58692185625 0.36674225625 0.5822343562500001 0.36581633125 0.5780676890625001 0.3607237375 0.5746822734375 0.35331633125 0.57364060625
0 0.3639996875 0.5187542015625 0.355203390625 0.5242229515625 0.3561293171875 0.52838961875 0.3630737609375 0.5317750359375 0.37094413125000003 0.53151461875 0.3774256125 0.5278687859375 0.3774256125 0.5226604515625 0.373258946875 0.51979586875 0.3639996875 0.5187542015625
0 0.45338670312499996 0.47600661093749996 0.44551633281249997 0.47991286093749996 0.44459040625 0.48355869374999993 0.45060892499999994 0.48798577656250003 0.46033114687500004 0.48824619374999995 0.4677385546875 0.48355869374999993 0.466812628125 0.4793920265625 0.46103310468750003 0.47595013125 0.45338670312499996 0.47600661093749996
0 0.441777421875 0.5113016140625 0.43112927343749996 0.5146870296875 0.429277421875 0.5204161968750001 0.4352959390625 0.5243224468750001 0.44224038437499996 0.525103696875 0.4496477921875 0.521978696875 0.45149964374999996 0.5167703640625 0.44872186562499994 0.5131245296875 0.441777421875 0.5113016140625
0 0.35808813906250003 0.5433131734375001 0.3511436953125 0.5466985906249999 0.35021776875 0.551386090625 0.35716221406250004 0.55633400625 0.3659585109375 0.5565944234375 0.371514065625 0.55399025625 0.3724399921875 0.54774025625 0.36456962187499997 0.5433131734375001 0.35808813906250003 0.5433131734375001
0 0.33714783593750003 0.624202046875 0.3320552421875 0.6275874640625 0.33298116875 0.634358296875 0.3399256125 0.63722288125 0.3477959828125 0.6369624640625 0.3542774640625 0.63331663125 0.3542774640625 0.6275874640625 0.34640709375 0.6236812140625 0.33714783593750003 0.624202046875
