0 0.36464003749999996 0.462073221875 0.3576955921875 0.4654586390625 0.355843740625 0.4701461390625 0.36093633281250004 0.4740523890625 0.368806703125 0.47431280625000005 0.3762141109375 0.47118780625 0.3780659625 0.46650030625000005 0.374825221875 0.4631148890625 0.36464003749999996 0.462073221875
0 0.4545252234375 0.4956878734375 0.44526596406249996 0.49620870781250004 0.4392474453125 0.5001149578125 0.440173371875 0.5048024578125 0.45035855625 0.5079274578125 0.4571861421875 0.5071263015625 0.46146966718750004 0.5027191234374999 0.4605437421875 0.49803162343749996 0.4545252234375 0.4956878734375
0 0.33493864375000004 0.637392571875 0.328920125 0.639736321875 0.326142346875 0.64650715625 0.3303090140625 0.65041340625 0.3391053109375 0.6511946562500001 0.3455867921875 0.6485904890625 0.34836456875 0.642861321875 0.3423460515625 0.63791340625 0.33493864375000004 0.637392571875
0 0.3588705375 0.509349946875 0.35192609375 0.5122145296875 0.3500742421875 0.5169020296875 0.35516683437499996 0.5208082796875 0.361185353125 0.5215895296874999 0.36951868593750004 0.5189853640625001 0.3713705375 0.513256196875 0.3662779453125 0.5098707796874999 0.3588705375 0.509349946875
0 0.4301669640625 0.6331460890625 0.42600029843750004 0.636010671875 0.4269262234375 0.640698171875 0.43803733593749994 0.64434400625 0.44729659374999997 0.6417398390625 0.4482225203125 0.636010671875 0.44035215 0.63262525625 0.4301669640625 0.6331460890625
0 0.445907575 0.4601102765625 0.43988905625 0.46297485937499994 0.4380372046875 0.46714152656249996 0.443129796875 0.47156860937499995 0.4510001671875 0.47234985937499996 0.45655572343750006 0.47078735937499994 0.45933350156249997 0.46505819375 0.4542409078125 0.46063110937499996 0.445907575 0.4601102765625
0 0.435508578125 0.621607853125 0.42949005937500007 0.6249932703125001 0.4285641328125 0.6291599359375 0.4336567265625 0.6335870203125 0.4433789484375 0.6343682703125 0.45078635624999996 0.6296807703125 0.45078635624999996 0.625514103125 0.441990059375 0.6210870203125001 0.435508578125 0.621607853125
0 0.4356507140625 0.6633138640625 0.42870626874999995 0.6666992796875 0.42870626874999995 0.6729492796875001 0.43379886250000005 0.6758138640625 0.4425951578125 0.6760742796875 0.4472247875 0.6745117796875 0.450002565625 0.6682617796875 0.44213219531250003 0.6633138640625 0.4356507140625 0.6633138640625
0 0.34590761875 0.60666338125 0.3389631734375 0.6090071312500001 0.33618539687500004 0.61525713125 0.3422039140625 0.6196842140625 0.3510002109375 0.61994463125 0.35933354375 0.61525713125 0.35840761875 0.6110904640625 0.35331502656249997 0.6077050484375001 0.34590761875 0.60666338125
0 0.35887058125000004 0.55113573125 0.3500742859375 0.5566044812500001 0.3510002109375 0.5607711484375 0.35794465625 0.5641565640625 0.3658150265625 0.5638961484375 0.3722965078125 0.5602503140625 0.3722965078125 0.55504198125 0.368129840625 0.5521773984375 0.35887058125000004 0.55113573125
0 0.4499673140625 0.5064644703125001 0.44209694375 0.5103707203125001 0.44117101718749996 0.5140165546875 0.4471895359375 0.5184436375 0.4569117578125 0.5187040546875 0.464319165625 0.5140165546875 0.46339323906249996 0.5098498874999999 0.457613715625 0.5064079921875 0.4499673140625 0.5064644703125001
0 0.43493864374999996 0.54560680625 0.42429049531249996 0.5489922218750001 0.42243864374999995 0.5547213890625 0.4284571625 0.5586276390625 0.43540160625 0.5594088890625 0.44280901406249995 0.5562838890624999 0.44466086562499996 0.55107555625 0.44188308750000005 0.547429721875 0.43493864374999996 0.54560680625
0 0.3523891 0.57505350625 0.34544465625 0.5784389234375 0.34451872968749997 0.5831264234375 0.3514631734375 0.5880743390625 0.3602594703125 0.58833475625 0.3658150265625 0.5857305890625 0.36674095156250003 0.5794805890625 0.35887058125000004 0.57505350625 0.3523891 0.57505350625
0 0.32973916718749996 0.656262971875 0.32464657343750003 0.6596483890625 0.3255725 0.666419221875 0.33251694375 0.66928380625 0.3403873140625 0.6690233890624999 0.346868796875 0.66537755625 0.346868796875 0.6596483890625 0.3389984265625 0.6557421390625 0.32973916718749996 0.656262971875
