0 0.3308947484375 0.32743974374999996 0.3211725265625 0.330825159375 0.3202466015625 0.333950159375 0.32533919375 0.33837724375 0.3332095640625 0.33915849374999996 0.3424688234375 0.335512659375 0.3433947484375 0.3318668265625 0.3392280828125 0.32848140937500003 0.3308947484375 0.32743974374999996
0 0.4320682515625 0.46289004218749996 0.4279015859375 0.4657546265625 0.4279015859375 0.46992129218749995 0.4348460296875 0.47330670937499997 0.4427164 0.47304629218749994 0.44919788125000004 0.46992129218749995 0.44919788125000004 0.46523379218749994 0.44225343749999996 0.4618483765625 0.4320682515625 0.46289004218749996
0 0.3541666671875 0.4346914984375 0.3481481484375 0.4370352484375 0.34629629687499996 0.44120191562500005 0.3495370375 0.44510816562500005 0.3583333328125 0.4464102484375 0.3648148140625 0.4448477484375 0.36666666718749996 0.4401602484375 0.36157407343750003 0.43573316562500003 0.3541666671875 0.4346914984375
0 0.3562042109375 0.44949294531249995 0.3492597671875 0.452357528125 0.348333840625 0.45808669531249996 0.3525005078125 0.4604304453125 0.360370878125 0.4606908625 0.366852359375 0.45808669531249996 0.3687042109375 0.45392002812500004 0.36361161875 0.45001377812500004 0.3562042109375 0.44949294531249995
0 0.4463891609375 0.3979939609375 0.44314842031249996 0.40033771093750004 0.4459261984375 0.4065877109375 0.4588891609375 0.40815021093750004 0.4653706421875 0.4050252109375 0.4644447171875 0.3998168765625 0.45472249375 0.39643146093750004 0.4463891609375 0.3979939609375
0 0.294537309375 0.4556345109375 0.2894447171875 0.4590199265625 0.2894447171875 0.4637074265625 0.2954632359375 0.46709284375 0.30425953125 0.4673532609375 0.3088891609375 0.46631159375 0.3116669390625 0.4595407609375 0.30379656875 0.4551136765625 0.294537309375 0.4556345109375
0 0.3297843796875 0.47379389375000003 0.3246917875 0.47717931093750005 0.3256177125 0.48186681093750006 0.3325621578125 0.48473139375 0.341358453125 0.4844709765625 0.346914009375 0.48186681093750006 0.346914009375 0.47613764375 0.3399695640625 0.4727522265625 0.3297843796875 0.47379389375000003
0 0.416697609375 0.43809935937500005 0.4097531640625 0.44200560937500005 0.41067909062499997 0.44669310937500006 0.42364205312500003 0.44981810937500005 0.43104946093749996 0.4472139421875 0.4319753875 0.44200560937500005 0.42503094218750004 0.43809935937500005 0.416697609375 0.43809935937500005
0 0.291079896875 0.3542801109375 0.285061378125 0.35766552812499997 0.285061378125 0.3613113609375 0.2901539703125 0.36417594375 0.2989502671875 0.3644363609375 0.30450582187499997 0.3613113609375 0.30450582187499997 0.356103028125 0.298487303125 0.35375927812499997 0.291079896875 0.3542801109375
0 0.28654313125 0.3970756625 0.28561720625000003 0.4012423296875 0.29256165 0.40462774531249995 0.29950609375 0.4043673296875 0.30506164999999996 0.4012423296875 0.30506164999999996 0.3965548296875 0.2934875765625 0.3942110796875 0.28654313125 0.3970756625
0 0.3244751515625 0.375912140625 0.31567885625000003 0.37929755625 0.31567885625000003 0.38450589062499996 0.32771589218749997 0.387630890625 0.3351233 0.38554755625000003 0.3369751515625 0.3803392234375 0.3328084859375 0.37695380625 0.3244751515625 0.375912140625
0 0.39712935781250003 0.3593837703125 0.392962690625 0.3627691859375 0.3938886171875 0.366935853125 0.398981209375 0.3698004359375 0.4096293578125 0.370060853125 0.4151849125 0.366935853125 0.41425898749999995 0.360685853125 0.4073145421875 0.358342103125 0.39712935781250003 0.3593837703125
0 0.46861138281250003 0.43966189218749996 0.46351879062499995 0.44200564218749994 0.4625928640625 0.44721397500000004 0.46583360625000003 0.4500785578125 0.4774076796875 0.45138064218749996 0.4857410125 0.44669314218749995 0.4848150875 0.44252647500000003 0.4769447171875 0.4391410578125 0.46861138281250003 0.43966189218749996
0 0.3421296296875 0.3722314265625 0.33703703749999997 0.3756168421875 0.33703703749999997 0.379783509375 0.3421296296875 0.3826480921875 0.3509259265625 0.382908509375 0.35648148125 0.38134600937499996 0.3583333328125 0.3756168421875 0.3513888890625 0.3717105921875 0.3421296296875 0.3722314265625
0 0.3657097984375 0.39778711875 0.36154313125000004 0.4011725359375 0.3633949828125 0.40586003593750003 0.36848757656250003 0.4082037859375 0.377283871875 0.40794336875 0.382839428125 0.40377670156249995 0.38191350156250004 0.40013086875 0.376820909375 0.3972662859375 0.3657097984375 0.39778711875
0 0.40966033749999997 0.38789130625 0.4017899671875 0.39231839062499996 0.40271589218750004 0.39648505625 0.40966033749999997 0.399349640625 0.41660478124999994 0.3990892234375 0.4210470921875 0.39740367499999996 0.42308626250000003 0.39231839062499996 0.418919596875 0.3889329734375 0.40966033749999997 0.38789130625
0 0.48527804999999996 0.41355046250000005 0.482037309375 0.41693587968749996 0.4829632359375 0.42162337968749997 0.49222249375000005 0.424227546875 0.5000928640625 0.4229254625 0.50333360625 0.4190192125 0.4973150875 0.412508796875 0.48527804999999996 0.41355046250000005
0 0.39984525 0.33330721093750004 0.39290080625 0.3356509609375 0.391048953125 0.3419009609375 0.397067471875 0.3447655453125 0.40493784218749995 0.344505128125 0.4101809828125 0.3432207109375 0.4114193234375 0.338255128125 0.40725265781250003 0.334348878125 0.39984525 0.33330721093750004
0 0.4209261984375 0.349951428125 0.4209261984375 0.3541180953125 0.426018790625 0.3575035125 0.4348150875 0.357763928125 0.44222249375 0.3535972625 0.44129656875 0.3489097625 0.42787064218750004 0.346045178125 0.4209261984375 0.349951428125
0 0.47404309375000003 0.3695175703125 0.4670986484375 0.3729029875 0.4670986484375 0.3775904875 0.47311716718749997 0.380975903125 0.4819134640625 0.3812363203125 0.4883949453125 0.3775904875 0.48932087187500006 0.3734238203125 0.4814505015625 0.3695175703125 0.47404309375000003 0.3695175703125
0 0.3598460296875 0.3588230359375 0.3556793625 0.36481261875 0.3575312140625 0.3674167859375 0.3635497328125 0.36976053593749997 0.37234602968749997 0.36950011875 0.3779015859375 0.36585428593749997 0.3779015859375 0.36064595312500003 0.3718830671875 0.35778136875 0.3598460296875 0.3588230359375
