0 0.341398521875 0.5829091046875 0.33352815156250004 0.5873361874999999 0.33352815156250004 0.5930653546875 0.34047259687500003 0.5964507718750001 0.3492688921875 0.5961903546875 0.3557503734375 0.5925445218750001 0.3557503734375 0.586294521875 0.3488059296875 0.5829091046875 0.341398521875 0.5829091046875
0 0.4292841765625 0.6126139078125 0.42141380625 0.615999325 0.419561953125 0.6201659921875 0.424654546875 0.6261555750000001 0.4334508421875 0.6274576578125 0.4417841765625 0.6243326578125 0.4427101015625 0.6186034921875 0.4407891765625 0.6149658312499999 0.4292841765625 0.6126139078125
0 0.3378553921875 0.628053175 0.3308964375 0.628688446875 0.32811866093750003 0.6354592796875 0.3350631046875 0.6414488625 0.3438594015625 0.641188446875 0.3503408828125 0.6375426125 0.35126680781249997 0.630250946875 0.345102171875 0.627761978125 0.3378553921875 0.628053175
0 0.4269452875 0.62655145 0.4190749171875 0.6304577 0.4190749171875 0.6356660328125 0.4250934359375 0.6400931171875001 0.43574158281250003 0.6403535328125 0.44129713906249995 0.6377493671875001 0.4422230640625 0.6304577 0.43527862031250003 0.6260306171875001 0.4269452875 0.62655145
0 0.42366649531249995 0.5787569359375 0.4176479765625 0.5811006859375001 0.4148701984375 0.58630901875 0.42088871718750004 0.5922986015625 0.4278331625 0.5930798515625 0.43431464374999995 0.59099651875 0.43709242187499997 0.58474651875 0.43199982812500004 0.5797986015625 0.42366649531249995 0.5787569359375
0 0.3294950375 0.6768914328125 0.330265628125 0.6831774390625001 0.33758635 0.68534503125 0.3472188703125 0.686212071875 0.35161309375 0.6814216734375 0.3506871671875 0.6767341734375 0.3456776625 0.672339475 0.3354093890625 0.6738695906250001 0.3294950375 0.6768914328125
0 0.39957197187500004 0.6743312296874999 0.4000349359375 0.6766749796875 0.40389874218750005 0.6801211640625 0.41006357812500005 0.683155796875 0.41931077656250004 0.68228875625 0.42364604687499996 0.6764145625 0.42272012031250006 0.6717270625 0.411146046875 0.6683416453125 0.4046645640625 0.6699041453125 0.39957197187500004 0.6743312296874999
0 0.3285441140625 0.697876621875 0.32159967031250003 0.7028245375 0.32159967031250003 0.7085537046875 0.329470040625 0.713501621875 0.3382663375 0.7132412046875001 0.34474781875 0.7101162046875 0.3465996703125 0.7028245375 0.3387293 0.697876621875 0.3285441140625 0.697876621875
0 0.316627753125 0.7334558828125 0.3132961015625 0.7396212328125 0.3158842328125 0.7445716578125 0.32416629218750004 0.7469012828125 0.3337573828125 0.7451746328125 0.3365351609375 0.7420496328125 0.3337573828125 0.734757965625 0.32773886406249997 0.732414215625 0.316627753125 0.7334558828125
0 0.4135829609375 0.7437984171875 0.4078890765625 0.74845764375 0.40794255 0.753730584375 0.4190843234375 0.7571080359375 0.42986064687500003 0.7555924375 0.430164771875 0.7485222515625 0.42911176093750003 0.745836821875 0.42134736093749997 0.7437984171875 0.4135829609375 0.7437984171875
0 0.30749945312500004 0.7667049421875001 0.301480934375 0.771132025 0.3024068609375 0.7779028593749999 0.312102303125 0.780980903125 0.3218513046875 0.7784236921875001 0.32462908281249997 0.775819525 0.32277723125 0.768007025 0.31583278593749997 0.765663275 0.30749945312500004 0.7667049421875001
0 0.4115171984375 0.75360783125 0.4045727546875 0.76063908125 0.41244312499999997 0.767149496875 0.41938756875000005 0.7679307468750001 0.4267949765625 0.76532658125 0.42864682812500005 0.75751408125 0.42355423593749997 0.7541286640625 0.4115171984375 0.75360783125
0 0.3113952078125 0.78029505 0.3044507640625 0.7836804671875 0.3044507640625 0.7914929671875 0.3104692828125 0.794878384375 0.319265578125 0.7946179671875 0.3266729859375 0.7899304671875 0.3275989125 0.784722134375 0.32250631875 0.780815884375 0.3113952078125 0.78029505
0 0.41331228906249995 0.7917277656249999 0.41053451250000006 0.7953735984375 0.4128493265625 0.80136318125 0.4216829125 0.8039511515625 0.432756734375 0.801102765625 0.43368266093749996 0.7938110984375 0.42766414218750004 0.7899048484375 0.4193308078125 0.7893840156249999 0.41331228906249995 0.7917277656249999
