0 0.2996821828125 0.810204934375 0.2918118125 0.8146320171875001 0.2918118125 0.820361184375 0.29875625625 0.8237466 0.30755255312499996 0.823486184375 0.314034034375 0.81984035 0.314034034375 0.8135903499999999 0.3070895890625 0.810204934375 0.2996821828125 0.810204934375
0 0.3919288390625 0.8415927312499999 0.38405846875 0.8449781484375001 0.3822066171875 0.849144815625 0.387299209375 0.8551343984375 0.39609550625 0.8564364812499999 0.4044288390625 0.8533114812499999 0.40535476406250004 0.847582315625 0.399336246875 0.8426343984375 0.3919288390625 0.8415927312499999
0 0.298742359375 0.8530435421875 0.292723840625 0.8559081265625 0.2899460625 0.862678959375 0.29689050781250004 0.8686685421875 0.305686803125 0.8684081265625 0.3121682859375 0.8647622921875 0.3130942109375 0.8574706265625001 0.3098534703125 0.8540852093750001 0.298742359375 0.8530435421875
0 0.39281545625000003 0.8544486953125 0.3849450859375 0.8583549453125 0.3849450859375 0.8635632781249999 0.3909636046875 0.8679903625 0.40161175312499997 0.868250778125 0.40716730781250005 0.8656466125 0.408093234375 0.8583549453125 0.4011487890625 0.8539278625 0.39281545625000003 0.8544486953125
0 0.3843082828125 0.8037317640625 0.3782897640625 0.8060755140625 0.37551198750000003 0.8112838484375 0.38153050624999996 0.81727343125 0.38847495 0.8180546812499999 0.39495643125 0.8159713484375001 0.397734209375 0.8097213484375001 0.3926416171875 0.8047734312499999 0.3843082828125 0.8037317640625
0 0.291655265625 0.9102612265625 0.29242585625 0.9165472328125001 0.2997465765625 0.918714825 0.3093790984375 0.9195818656249999 0.3137733203125 0.9147914671875 0.31284739375 0.9101039671875 0.3078378890625 0.9057092687500001 0.2975696171875 0.907239384375 0.291655265625 0.9102612265625
0 0.3627060109375 0.9131754703125001 0.3631689734375 0.9155192203125001 0.36703278125 0.9189654046875001 0.37319761875 0.9220000374999999 0.38244481406249997 0.921132996875 0.3867800859375 0.915258803125 0.385854159375 0.910571303125 0.3742800859375 0.9071858859375 0.367798603125 0.9087483859375001 0.3627060109375 0.9131754703125001
0 0.29399490625 0.934858028125 0.2870504625 0.9398059453125001 0.2870504625 0.9455351125 0.29492083281250003 0.950483028125 0.303717128125 0.9502226125 0.3101986109375 0.9470976125 0.3120504625 0.9398059453125001 0.30418009218750003 0.934858028125 0.29399490625 0.934858028125
0 0.285686603125 0.971356215625 0.28059401093749997 0.9757832984375 0.28151993750000004 0.9820332984375 0.2934881359375 0.98300335625 0.30281623281250003 0.983074965625 0.3055940109375 0.9799499656249999 0.30281623281250003 0.9726582984375 0.2967977140625 0.9703145484375 0.285686603125 0.971356215625
0 0.383796296875 0.9864583328125001 0.377777778125 0.9919270828125001 0.38055555625 0.99921875 0.3981481484375 0.9997395828125001 0.40277777812500004 0.9940104171874999 0.40092592656250003 0.9888020828125 0.39305555625 0.9854166671875 0.383796296875 0.9864583328125001
