0 0.3458333328125 0.5489583328125 0.33888888906250003 0.55234375 0.33703703749999997 0.55703125 0.3421296296875 0.5609375 0.35 0.5611979171875 0.3574074078125 0.5580729171875001 0.35925925937500003 0.5533854171875 0.35601851875 0.55 0.3458333328125 0.5489583328125
0 0.431588453125 0.579567125 0.425569934375 0.583473375 0.4264958609375 0.588160875 0.43668104531249996 0.591285875 0.44779215624999996 0.5860775406250001 0.44686623125 0.581390040625 0.4408477125 0.579046290625 0.431588453125 0.579567125
0 0.32069119687500003 0.726521953125 0.314672678125 0.728865703125 0.3118949015625 0.7356365375 0.3160615671875 0.7395427875 0.3248578640625 0.7403240375 0.33133934531250003 0.7377198703125 0.3341171234375 0.7319907031249999 0.32809860468749996 0.7270427875000001 0.32069119687500003 0.726521953125
0 0.3440532015625 0.59206711875 0.3371087578125 0.5949317015625 0.33525690625000004 0.5996192015624999 0.3403494984375 0.6035254515624999 0.3463680171875 0.6043067015625 0.35470134999999997 0.6017025359375 0.35655320156250003 0.59597336875 0.351460609375 0.5925879515625 0.3440532015625 0.59206711875
0 0.413069934375 0.7222754328125001 0.4089032671875 0.7251400171875 0.40982919375 0.7298275171874999 0.4209403046875 0.7334733499999999 0.4301995640625 0.7308691828125 0.43112548906250003 0.7251400171875 0.42325511875000005 0.7217545999999999 0.413069934375 0.7222754328125001
0 0.428240740625 0.5463541671875001 0.42222222187499997 0.54921875 0.4203703703125 0.5533854171875 0.4254629625 0.5578125 0.43333333281249997 0.55859375 0.4388888890625 0.55703125 0.44166666718750003 0.5513020828124999 0.4365740734375 0.546875 0.428240740625 0.5463541671875001
0 0.41898148125 0.7104166671875001 0.4129629625 0.7138020828125 0.41203703750000004 0.71796875 0.4171296296875 0.7223958328125 0.4268518515625 0.7231770828124999 0.434259259375 0.7184895828125 0.434259259375 0.7143229171875001 0.4254629625 0.7098958328125 0.41898148125 0.7104166671875001
0 0.42083333281249996 0.7546875 0.4138888890625 0.7580729171875 0.4138888890625 0.7643229171875 0.41898148125 0.7671875 0.427777778125 0.7674479171875 0.43240740781250003 0.7658854171875 0.43518518593750005 0.7596354171875 0.42731481406249994 0.7546875 0.42083333281249996 0.7546875
0 0.32995045625 0.6964339953125 0.3230060125 0.6987777453125 0.320228234375 0.7050277453125 0.326246753125 0.7094548296875 0.3350430484375 0.7097152453125 0.3433763828125 0.7050277453125 0.34245045625000003 0.7008610796875 0.3373578640625 0.6974756625 0.32995045625 0.6964339953125
0 0.34120370312500004 0.6380208328125 0.3324074078125 0.6434895828125 0.3333333328125 0.64765625 0.34027777812500004 0.6510416671875 0.3481481484375 0.65078125 0.3546296296875 0.6471354171875 0.3546296296875 0.6419270828125 0.35046296250000003 0.6390625 0.34120370312500004 0.6380208328125
0 0.4328703703125 0.5927083328125 0.425 0.5966145828125 0.4240740734375 0.6002604171875 0.43009259218749996 0.6046875 0.43981481406249995 0.6049479171875001 0.447222221875 0.6002604171875 0.44629629687500005 0.59609375 0.44051677187499994 0.5926518546875 0.4328703703125 0.5927083328125
0 0.41898148125 0.6328125 0.40833333281249995 0.6361979171875001 0.40648148125 0.6419270828125 0.4125 0.6458333328125 0.41944444374999995 0.6466145828125 0.4268518515625 0.6434895828125 0.42870370312499995 0.63828125 0.42592592656250006 0.6346354171875 0.41898148125 0.6328125
0 0.334722221875 0.6635416671875001 0.32777777812500003 0.6669270828125 0.32685185156249996 0.6716145828125 0.333796296875 0.6765625 0.3425925921875 0.6768229171875 0.3481481484375 0.67421875 0.3490740734375 0.66796875 0.34120370312500004 0.6635416671875001 0.334722221875 0.6635416671875001
0 0.3143518515625 0.7463541671875 0.309259259375 0.7497395828125 0.3101851859375 0.7565104171875 0.3171296296875 0.759375 0.325 0.7591145828125 0.33148148125 0.75546875 0.33148148125 0.7497395828125 0.3236111109375 0.7458333328125 0.3143518515625 0.7463541671875
