0 0.30742780625 0.7880270390625 0.2995574359375 0.7924541234375 0.2995574359375 0.7981832890625 0.3065018796875 0.80156870625 0.3152981765625 0.8013082890625001 0.3217796578125 0.79766245625 0.3217796578125 0.79141245625 0.3148352125 0.7880270390625 0.30742780625 0.7880270390625
0 0.39935885625 0.8206932703125001 0.39148848593749996 0.8240786874999999 0.3896366328125 0.828245353125 0.3947292265625 0.8342349375 0.40352552187499996 0.8355370203125 0.41185885625 0.8324120203125001 0.41278478124999995 0.8266828531250001 0.4067662625 0.8217349374999999 0.39935885625 0.8206932703125001
0 0.30306005625 0.8339934093749999 0.296101103125 0.8346286796875001 0.29332332499999997 0.8413995140624999 0.30026776875 0.847389096875 0.309064065625 0.8471286796875 0.315545546875 0.843482846875 0.3164714734375 0.8361911796875001 0.3103068375 0.8337022109375001 0.30306005625 0.8339934093749999
0 0.3961485296875 0.8349555546874999 0.388278159375 0.8388618046874999 0.388278159375 0.8440701374999999 0.394296678125 0.848497221875 0.4049448265625 0.8487576375 0.41050038125 0.846153471875 0.4114263078125 0.8388618046874999 0.40448186249999996 0.834434721875 0.3961485296875 0.8349555546874999
0 0.3917382984375 0.7866322046875001 0.38571978125 0.7889759546875 0.38294200312500004 0.7941842890624999 0.38896052187499996 0.800173871875 0.395904965625 0.800955121875 0.402386446875 0.7988717890625 0.40516422499999993 0.7926217890625 0.40007163281249997 0.787673871875 0.3917382984375 0.7866322046875001
0 0.29368164218750004 0.8893617515625 0.2944522328125 0.89564775625 0.3017729546875 0.8978153484375 0.3114054765625 0.8986823890625001 0.3157996984375 0.8938919921874999 0.314873771875 0.8892044921875 0.3098642671875 0.88480979375 0.29959599375 0.8863399078124999 0.29368164218750004 0.8893617515625
0 0.3633373171875 0.8930360203125 0.3638002796875 0.8953797703124999 0.3676640859375 0.8988259546874999 0.37382892343749996 0.9018605890625 0.3830761203125 0.9009935484374999 0.38741139062499996 0.8951193546875 0.3864854640625 0.8904318546875001 0.374911390625 0.8870464374999999 0.368429909375 0.8886089374999999 0.3633373171875 0.8930360203125
0 0.2929596296875 0.9124386 0.2860151859375 0.9173865171875001 0.2860151859375 0.923115684375 0.29388555625 0.9280636 0.3026818515625 0.927803184375 0.30916333281249997 0.924678184375 0.3110151859375 0.9173865171875001 0.3031448140625 0.9124386 0.2929596296875 0.9124386
0 0.2815456140625 0.94969675625 0.2782139625 0.95586210625 0.2808020953125 0.96081253125 0.289084153125 0.96314215625 0.29867524375 0.96141550625 0.301453021875 0.95829050625 0.29867524375 0.9509988390625 0.292656725 0.9486550890625001 0.2815456140625 0.94969675625
0 0.38277456875000004 0.96458721875 0.3770806828125 0.9692464453125 0.3771341578125 0.9745193859375 0.39472675 0.9750402203125 0.39935637968750004 0.969311053125 0.3983033671875 0.9666256234375 0.39053896718750003 0.96458721875 0.38277456875000004 0.96458721875
0 0.27671690312499997 0.9856912078125 0.270698384375 0.9901182921875 0.2716243109375 0.996889125 0.281319753125 0.9999671703124999 0.29106875468750004 0.9974099578125 0.2938465328125 0.9948057921875 0.29199468125 0.9869932921875 0.2850502359375 0.9846495421875 0.27671690312499997 0.9856912078125
0 0.3769065078125 0.9758569593749999 0.3699620625 0.982888209375 0.3778324328125 0.9893986265624999 0.384776878125 0.9901798765625 0.3921842859375 0.9875757093749999 0.3940361375 0.9797632093749999 0.38894354375 0.9763777921875001 0.3769065078125 0.9758569593749999
