0 0.36691964375 0.43898934843750004 0.35997519843750003 0.4423747640625 0.35812334687499997 0.4470622640625 0.3632159390625 0.4509685140625 0.3710863109375 0.45122893125 0.37849371718749997 0.44810393125000003 0.38034556875000003 0.44341643125 0.377104828125 0.4400310140625 0.36691964375 0.43898934843750004
0 0.45794461249999996 0.47100096562499993 0.448685353125 0.47152179843750003 0.44266683437500004 0.47542804843750003 0.4435927609375 0.48011554843750004 0.45377794531250004 0.48324054843750003 0.46060553125 0.48243939375 0.46488905625 0.478032215625 0.46396313125 0.47334471562499997 0.45794461249999996 0.47100096562499993
0 0.3400677484375 0.6139880875 0.3340492296875 0.6163318375 0.33127145156250004 0.6231026703125 0.33543811875 0.6270089203125 0.3442344140625 0.6277901703125 0.35071589687500004 0.6251860046875 0.3534936734375 0.6194568375 0.34747515625 0.6145089203125 0.3400677484375 0.6139880875
0 0.365709359375 0.4833806078125 0.3587649140625 0.48624519218750006 0.3569130625 0.4909326921875 0.36200565625 0.4948389421875 0.3680241734375 0.49562019218750003 0.3763575078125 0.493016025 0.378209359375 0.4872868578125 0.37311676718750003 0.48390144218750003 0.365709359375 0.4833806078125
0 0.43301646250000003 0.6074973484374999 0.42884979687499997 0.6103619328125001 0.429775721875 0.6150494328125 0.4408868328125 0.618695265625 0.4501460921875 0.6160910984375 0.45107201874999997 0.6103619328125001 0.4432016484375 0.606976515625 0.43301646250000003 0.6074973484374999
0 0.4498968546875 0.43702639843749996 0.4438783359375 0.43989098281250005 0.44202648437500003 0.44405764843749995 0.4471190765625 0.4484847328125 0.454989446875 0.4492659828125 0.460545003125 0.44770348281250005 0.46332278125000004 0.441974315625 0.4582301875 0.4375472328125 0.4498968546875 0.43702639843749996
0 0.44063768281250004 0.5943560546875 0.4346191640625 0.597741471875 0.4336932375 0.6019081374999999 0.43878583125 0.606335221875 0.44850805312500003 0.6071164718750001 0.45591546093749996 0.602428971875 0.45591546093749996 0.5982623046875 0.4471191640625 0.593835221875 0.44063768281250004 0.5943560546875
0 0.43793032031249995 0.6379857531249999 0.4309858765625 0.64137116875 0.4309858765625 0.64762116875 0.43607846875 0.650485753125 0.44487476406250004 0.65074616875 0.44950439375 0.64918366875 0.452282171875 0.64293366875 0.44441180156250004 0.6379857531249999 0.43793032031249995 0.6379857531249999
0 0.3516066140625 0.5813352328125 0.3446621703125 0.5836789828125 0.3418843921875 0.5899289828125001 0.3479029109375 0.5943560671875 0.35669920781250003 0.5946164828125 0.365032540625 0.5899289828125001 0.3641066140625 0.5857623171874999 0.359014021875 0.5823769000000001 0.3516066140625 0.5813352328125
0 0.3622899703125 0.5270900375 0.3534936734375 0.5325587875 0.3544196 0.5367254546875 0.36136404375 0.5401108703124999 0.3692344140625 0.5398504546875 0.375715896875 0.5362046203124999 0.375715896875 0.5309962875 0.3715492296875 0.5281317046875 0.3622899703125 0.5270900375
0 0.45224692187500004 0.48434244531250004 0.44437655156250006 0.48824869531250004 0.443450625 0.4918945296875 0.44946914375 0.49632161249999995 0.459191365625 0.4965820296875 0.4665987734375 0.4918945296875 0.465672846875 0.4877278625 0.4598933234375 0.4842859671875 0.45224692187500004 0.48434244531250004
0 0.4394978140625 0.5193168453125 0.42884966562500004 0.5227022609375 0.4269978140625 0.528431428125 0.43301633281249996 0.532337678125 0.43996077656250004 0.5331189281250001 0.447368184375 0.529993928125 0.44922003593750004 0.5247855953125 0.4464422578125 0.5211397609375 0.4394978140625 0.5193168453125
0 0.3563784234375 0.5497253578125 0.349433978125 0.553110775 0.348508053125 0.557798275 0.355452496875 0.5627461921875 0.36424879374999997 0.5630066078125 0.3698043484375 0.5604024421875 0.370730275 0.5541524421874999 0.36285990468749996 0.5497253578125 0.3563784234375 0.5497253578125
0 0.336008053125 0.6318966734375 0.3309154609375 0.635282090625 0.3318413859375 0.6420529234375 0.33878583125 0.6449175078125 0.3466562015625 0.644657090625 0.3531376828125 0.6410112578125 0.3531376828125 0.635282090625 0.3452673125 0.631375840625 0.336008053125 0.6318966734375
