0 0.3296841203125 0.65329011875 0.32181375 0.657717203125 0.32181375 0.6634463687500001 0.32875819375000004 0.6668317859374999 0.337554490625 0.66657136875 0.344035971875 0.6629255359374999 0.344035971875 0.6566755359374999 0.337091528125 0.65329011875 0.3296841203125 0.65329011875
0 0.41888477343749997 0.6844969765625 0.411014403125 0.68788239375 0.40916255156250003 0.6920490609375001 0.41425514375 0.69803864375 0.42305143906250003 0.6993407265625 0.4313847734375 0.6962157265625 0.43231069843750003 0.6904865609375 0.4303897734375 0.6868489 0.41888477343749997 0.6844969765625
0 0.3252029125 0.695741284375 0.3182439578125 0.69637655625 0.31546618125000003 0.7031473890625 0.322410625 0.7091369734375 0.331206921875 0.70887655625 0.337688403125 0.7052307234375 0.338614328125 0.69793905625 0.33244969375 0.6954500875 0.3252029125 0.695741284375
0 0.41588039062500004 0.6980014828125001 0.4080100203125 0.7019077328125001 0.4080100203125 0.707116065625 0.41402853906250003 0.7115431484375 0.4246766875 0.711803565625 0.4302322421875 0.7091993984375 0.43115816875 0.7019077328125001 0.42421372343749997 0.6974806484375 0.41588039062500004 0.6980014828125001
0 0.412457184375 0.649503325 0.406438665625 0.6518470749999999 0.40366088749999995 0.6570554078125 0.40967940625 0.6630449921875 0.41662385156250004 0.6638262421875 0.4231053328125 0.6617429078125 0.42588311093750003 0.6554929078125 0.4207905171875 0.6505449921875 0.412457184375 0.649503325
0 0.31563985625 0.7485309421874999 0.31641044687500003 0.754816946875 0.3237311671875 0.7569845390625 0.33336368906249997 0.7578515796875 0.3377579125 0.7530611828125 0.3368319859375 0.7483736828125 0.3318224796875 0.743978984375 0.3215542078125 0.7455090984375 0.31563985625 0.7485309421874999
0 0.3891805828125 0.7478652328125001 0.3896435453125 0.7502089828125 0.393507353125 0.7536551671875 0.3996721890625 0.7566898 0.40891938593750005 0.755822759375 0.41325465625 0.749948565625 0.41232873124999997 0.745261065625 0.40075465625 0.7418756484375 0.39427317500000003 0.7434381484375 0.3891805828125 0.7478652328125001
0 0.31440027656249997 0.7692184921874999 0.30745583125 0.7741664078125 0.30745583125 0.7798955750000001 0.3153262015625 0.7848434921874999 0.3241224984375 0.784583075 0.3306039796875 0.781458075 0.33245583125 0.7741664078125 0.32458546093749996 0.7692184921874999 0.31440027656249997 0.7692184921874999
0 0.30743901406249996 0.8083430828125 0.30410736250000003 0.8145084328125 0.30669549687500003 0.8194588578124999 0.314977553125 0.8217884828124999 0.32456864375 0.8200618328125 0.327346421875 0.8169368328125 0.32456864375 0.809645165625 0.31855012656250004 0.807301415625 0.30743901406249996 0.8083430828125
0 0.3999682765625 0.818279728125 0.3942743921875 0.82293895625 0.394327865625 0.828211896875 0.4054696390625 0.8315893484375 0.4162459625 0.83007375 0.4165500875 0.8230035640625 0.4154970765625 0.8203181328125 0.4077326765625 0.818279728125 0.3999682765625 0.818279728125
0 0.2964986421875 0.844190328125 0.29048012343749996 0.8486174109375 0.2914060484375 0.85538824375 0.30110149218750004 0.8584662890624999 0.31085049374999996 0.855909078125 0.313628271875 0.8533049109374999 0.31177641875 0.8454924109374999 0.30483197500000003 0.8431486609375 0.2964986421875 0.844190328125
0 0.398191253125 0.8295776375000001 0.3912468078125 0.8366088875000001 0.39911717812499997 0.843119303125 0.40606162343749996 0.843900553125 0.41346903125 0.8412963875000001 0.4153208828125 0.8334838875000001 0.41022828906250003 0.8300984703125 0.398191253125 0.8295776375000001
0 0.299416175 0.8564633671875 0.29247173125 0.8598487828125 0.29247173125 0.8676612828125 0.2984902484375 0.8710467 0.3072865453125 0.8707862828125 0.31469395312500004 0.8660987828125 0.31561987812500003 0.86089045 0.3105272859375 0.8569842 0.299416175 0.8564633671875
0 0.39969759374999997 0.86761640625 0.3969198171875 0.8712622390625 0.39923463125 0.8772518234375 0.40806821875 0.8798397921875001 0.41914203906249997 0.8769914062499999 0.4200679640625 0.8696997390625001 0.414049446875 0.8657934890625001 0.40571611250000006 0.8652726562499999 0.39969759374999997 0.86761640625
