0 0.8924479171874999 0.2925925921875 0.8895833328125 0.30046296250000004 0.8901041671875 0.308796296875 0.89453125 0.3148148140625 0.9010416671874999 0.315277778125 0.9057291671875 0.30601851875 0.9052083328125 0.2958333328125 0.8986979171874999 0.2898148140625 0.8924479171874999 0.2925925921875
0 0.9143229171874999 0.2740740734375 0.9114583328125001 0.2828703703125 0.9130208328125 0.2921296296875 0.9184895828125 0.29722222187499997 0.9229166671875 0.29675925937500003 0.928125 0.2865740734375 0.9270833328125001 0.2754629625 0.9231770828125001 0.271296296875 0.9143229171874999 0.2740740734375
0 0.9333333328125001 0.2995370375 0.93671875 0.30740740781250003 0.9432291671874999 0.308796296875 0.9505208328125001 0.29305555625 0.9455729171874999 0.284259259375 0.9377604171874999 0.2870370375 0.9333333328125001 0.2995370375
0 0.96484375 0.2509259265625 0.9614583328125 0.258796296875 0.9614583328125 0.266203703125 0.9658854171875 0.2731481484375 0.9734375 0.27453703749999997 0.9770833328125 0.2708333328125 0.9786458328125001 0.25694444375000003 0.9731770828125 0.25 0.96484375 0.2509259265625
0 0.92578125 0.3351851859375 0.921875 0.34027777812500004 0.9203125 0.3541666671875 0.92578125 0.3620370375 0.9317708328125001 0.3625 0.9364583328125 0.3550925921875 0.9375 0.3421296296875 0.93359375 0.3361111109375 0.92578125 0.3351851859375
0 0.9466145828125001 0.3083333328125 0.94375 0.31898148125 0.9442708328125 0.3263888890625 0.9497395828125 0.3324074078125 0.9552083328125001 0.3328703703125 0.9609375 0.321759259375 0.9609375 0.3143518515625 0.9544270828125001 0.30648148124999997 0.9466145828125001 0.3083333328125
0 0.94921875 0.397222221875 0.9453125 0.41157407343749997 0.946875 0.41805555625 0.95234375 0.4240740734375 0.9583333328125001 0.42453703750000005 0.9640625 0.4125 0.9635416671874999 0.40416666718750005 0.9580729171875 0.3953703703125 0.94921875 0.397222221875
0 0.9653645828125 0.365740740625 0.9625 0.3708333328125 0.9619791671875 0.3828703703125 0.9653645828125 0.3888888890625 0.9734375 0.391203703125 0.9791666671874999 0.3828703703125 0.9796875 0.36990740781250003 0.97265625 0.36296296250000004 0.9653645828125 0.365740740625
0 0.98359375 0.33148148125 0.9786458328125001 0.3393518515625 0.978125 0.34861111093749997 0.9846354171874999 0.3574074078125 0.9895833328125001 0.3578703703125 0.9927083328125 0.3550925921875 0.9953125 0.3421296296875 0.99140625 0.3333333328125 0.98359375 0.33148148125
0 0.9955729171875 0.440740740625 1 0.44305555625000004 0.9997395828125001 0.4138888890625 0.9927083328125 0.42175925937500003 0.9916666671875 0.4328703703125 0.9955729171875 0.440740740625
