0 0.46445105781249996 0.42509920625 0.4813161375 0.42633928593750003 0.4918981484375 0.424603175 0.5038029093749999 0.41989087343750003 0.5119047625 0.41083829375 0.512896825 0.39942956406249996 0.5102513234375 0.3934771828125 0.5018187828125 0.38616071406249997 0.48627645468749997 0.3789682546875 0.47569444375 0.377976190625 0.459490740625 0.38095238125 0.4477513234375 0.388516865625 0.44312169375000005 0.3967013890625 0.4424603171875 0.404637896875 0.446759259375 0.414310515625 0.45519179843749996 0.422123015625 0.46445105781249996 0.42509920625
0 0.34970238125 0.44444444375 0.3616071421875 0.44444444375 0.38177910000000004 0.4392361109375 0.3918650796875 0.4311755953125 0.39451058125 0.4242311515625 0.39318783125 0.4155505953125 0.387896825 0.40711805625 0.3771494703125 0.39955357187499996 0.36524470937500003 0.3958333328125 0.35003306875 0.3958333328125 0.340112434375 0.3985615078125 0.32705026406250004 0.4061259921875 0.32142857187499996 0.41629464218749995 0.3230820109375 0.426711309375 0.33068783125 0.435887896875 0.340112434375 0.44196428593750003 0.34970238125 0.44444444375
0 0.26669973593749996 0.4898313484375 0.281911375 0.4908234125 0.2931547625 0.4893353171875 0.30572089999999996 0.48239087343750003 0.31911375625 0.47085813437499996 0.31944444375000003 0.4626736109375 0.311838625 0.44977678593750003 0.3060515875 0.4449404765625 0.2928240734375 0.43973214218749995 0.280588625 0.4384920640625 0.26669973593749996 0.44122023749999995 0.2546296296875 0.448040675 0.247023809375 0.45696924531249994 0.2453703703125 0.4619295640625 0.247023809375 0.4748263890625 0.2523148140625 0.4812748015625 0.26669973593749996 0.4898313484375
0 0.627480159375 0.45089285781250005 0.63806216875 0.450148809375 0.643353175 0.4484126984375 0.6607142859375 0.4373759921875 0.665674603125 0.4286954359375 0.6643518515625 0.420262896875 0.6575727515625001 0.41344246093750003 0.6479828046875 0.408978175 0.6340939156250001 0.40699404687499996 0.622519840625 0.4077380953125 0.6056547625 0.4139384921875 0.5988756609375 0.42001488125 0.5958994703125 0.42646329375 0.596230159375 0.43539186562500004 0.6011904765625 0.44332837343750003 0.6116071421875 0.4479166671875 0.627480159375 0.45089285781250005
0 0.6582341265625 0.48809523749999995 0.6727843921875001 0.4890873015625 0.6866732796874999 0.4856150796875 0.6960978843750001 0.479290675 0.70601851875 0.4663938484375 0.7073412703125 0.45771329375 0.7040343921875001 0.4502728171875 0.6952711640625 0.44320436562500004 0.6807209000000001 0.440228175 0.6602182546875001 0.43948412656249997 0.6539351859375 0.44146825468750006 0.64417989375 0.44853670625 0.639880953125 0.4534970234375 0.6365740734374999 0.4624255953125 0.6359126984375 0.46688988125 0.637896825 0.47234622968749995 0.6489748671875 0.484623015625 0.6582341265625 0.48809523749999995
0 0.7061838625 0.5674603171875 0.721395503125 0.5704365078125 0.7382605812499999 0.5691964281249999 0.753141534375 0.5637400796875001 0.7615740734374999 0.555431546875 0.765211640625 0.5462549609375 0.7638888890625 0.5373263890625 0.759259259375 0.5316220234375 0.753141534375 0.5270337296875 0.739914021875 0.52157738125 0.728339946875 0.5200892859375 0.7164351859375 0.5208333328125 0.703207671875 0.525545634375 0.69378306875 0.5318700390625 0.6875 0.5412946421875 0.686838625 0.5477430562500001 0.688161375 0.5524553578125 0.696759259375 0.5621279765625 0.7061838625 0.5674603171875
0 0.5180224875 0.6614583328125 0.531911375 0.659226190625 0.5424933859375 0.6550099203124999 0.549603175 0.6506696421875 0.5582010578125 0.6392609125 0.559193121875 0.6276041671875 0.5555555562500001 0.6194196421875 0.5484457671875 0.611855159375 0.5332341265625 0.6054067453124999 0.5209986765625 0.6041666671875 0.51273148125 0.6056547625 0.497189153125 0.612351190625 0.4890873015625 0.619667659375 0.48379629687500003 0.6313244046875 0.48511904687499996 0.6432291671875 0.49140211562499997 0.6529017859375 0.502810846875 0.658978175 0.5180224875 0.6614583328125
0 0.5858134921875 0.6788194437499999 0.6026785718750001 0.6798115078125 0.61193783125 0.6783234125 0.6230158734375 0.6707589281249999 0.6292989421875 0.6623263890625 0.6302910046875 0.6538938484375 0.6289682546875001 0.64794146875 0.621362434375 0.635292659375 0.61193783125 0.6289682546875001 0.596395503125 0.6235119046875 0.5791997359375001 0.6230158734375 0.5712632281250001 0.625744046875 0.5634920640625001 0.633556546875 0.5582010578125 0.6471974203124999 0.5582010578125 0.6548859125 0.5615079359374999 0.6628224203124999 0.5729166671875 0.6728670640625001 0.5858134921875 0.6788194437499999
0 0.28819444375000003 0.6708829359374999 0.303406084375 0.6681547625 0.3110119046875 0.6649305562500001 0.31679894218750004 0.6603422625 0.322420634375 0.6548859125 0.327380953125 0.6471974203124999 0.32771164062499997 0.635540675 0.321593915625 0.6297123015625 0.3136574078125 0.6262400796875001 0.2991071421875 0.6235119046875 0.2931547625 0.6240079359374999 0.28224206406249996 0.6259920640625001 0.26471560781250003 0.6326884921875 0.2546296296875 0.6414930562500001 0.250661375 0.64893353125 0.25099206406249996 0.6593501984375 0.26173941875 0.6681547625 0.271660053125 0.6706349203124999 0.28819444375000003 0.6708829359374999
0 0.2931547625 0.7229662703125 0.29943783125 0.7237103171875 0.30902777812500004 0.7237103171875 0.31927910000000004 0.72197420625 0.3305224875 0.7167658734375 0.33498677187500003 0.713913690625 0.3445767203125 0.7032490078125 0.3478835984375 0.6943204359374999 0.3455687828125 0.6848958328125 0.3384589953125 0.6763392859375 0.32721560781250003 0.6706349203124999 0.3106812171875 0.6676587296875 0.302414021875 0.6681547625 0.28753306875 0.671130953125 0.283895503125 0.6728670640625001 0.2738095234375 0.6811755953125 0.26917989375 0.6868799609375 0.2668650796875 0.6933283734375 0.2678571421875 0.7054811515625 0.2738095234375 0.713913690625 0.2832341265625 0.7197420640625001 0.2931547625 0.7229662703125
