0 0.405879253125 0.232140915625 0.39496072031249996 0.23553635 0.39310886875 0.24022385000000002 0.39820146093750003 0.24413010000000002 0.40607183124999996 0.244390515625 0.4134792390625 0.241265515625 0.41533109062499995 0.236578015625 0.41209035 0.23319260000000003 0.405879253125 0.232140915625
0 0.4934419765625 0.2539465796875 0.4841827171875 0.2544674140625 0.47816419843749997 0.2583736640625 0.4790901234375 0.2630611640625 0.48927530937499997 0.2661861640625 0.49610289375 0.2653850078125 0.5003864203124999 0.2609778296875 0.49946049375 0.2562903296875 0.4934419765625 0.2539465796875
0 0.3824039328125 0.3956186046875 0.3763854140625 0.3979623546875 0.3736076359375 0.40473318750000004 0.377774303125 0.40863943750000004 0.38657059843749997 0.40942068750000005 0.39305208125 0.4068165203125 0.3958298578125 0.40108735468749995 0.3898113390625 0.39613943749999997 0.3824039328125 0.3956186046875
0 0.40065618125 0.27005378750000003 0.3937117375 0.272918371875 0.3918598859375 0.27760587187499997 0.396952478125 0.28151212187499997 0.402970996875 0.282293371875 0.4113043296875 0.2796892046875 0.41363568749999996 0.27500168125 0.40806358906250007 0.270574621875 0.40065618125 0.27005378750000003
0 0.46912241562499996 0.3842534296875 0.46495574843750004 0.3871180125 0.465881675 0.3918055125 0.47699278593749994 0.39545134531250004 0.4862520453125 0.3928471796875 0.487177971875 0.3871180125 0.4793076015625 0.38373259531250004 0.46912241562499996 0.3842534296875
0 0.48427370156249994 0.22469402968750002 0.4782551828125 0.22755861249999998 0.47640333124999995 0.2317252796875 0.48149592343750003 0.2361523625 0.48936629375 0.23693361249999997 0.4949218484375 0.23537111249999998 0.4976996265625 0.22964194531249998 0.49260703437500003 0.22521486249999997 0.48427370156249994 0.22469402968750002
0 0.47613504687499997 0.372726065625 0.470116528125 0.3761114828125 0.46919060312500005 0.38027815 0.4742831953125 0.3847052328125 0.4840054171875 0.38548648281250003 0.491412825 0.3807989828125 0.491412825 0.376632315625 0.482616528125 0.3722052328125 0.47613504687499997 0.372726065625
0 0.474074928125 0.42596315625000003 0.467130484375 0.42934857343750005 0.467130484375 0.4355985734375 0.47222307656250007 0.43846315625 0.4810193734375 0.4387235734375 0.485649003125 0.43716107343750005 0.48842678125 0.4309110734375 0.4805564109375 0.42596315625000003 0.474074928125 0.42596315625000003
0 0.3906007640625 0.368704096875 0.38365631875 0.371047846875 0.3808785421875 0.377297846875 0.3868970609375 0.3817249296875 0.39569335625 0.38198534687499996 0.40402668906250006 0.377297846875 0.4031007640625 0.3731311796875 0.39800817187500004 0.3697457625 0.3906007640625 0.368704096875
0 0.396744296875 0.3125896390625 0.3879480015625 0.3180583890625 0.38887392656249997 0.32222505625000003 0.395818371875 0.32561047187500003 0.4036887421875 0.32535005625 0.4101702234375 0.32170422187500003 0.4101702234375 0.3164958890625 0.40600355625000006 0.31363130625 0.396744296875 0.3125896390625
0 0.487232396875 0.27583565 0.4793620265625 0.2797419 0.47843610156249994 0.28338773281249996 0.48445461874999995 0.287814815625 0.4941768421875 0.28807523281249997 0.5015842484374999 0.28338773281249996 0.5006583234375 0.279221065625 0.49487879843749993 0.275779171875 0.487232396875 0.27583565
0 0.4768209859375 0.301909115625 0.4661728375 0.30529453281249996 0.46432098593750004 0.3110237 0.4703395046875 0.31492995 0.4772839484375 0.3157112 0.48469135625000004 0.31258620000000004 0.4865432078125 0.307377865625 0.48376543125 0.3037320328125 0.4768209859375 0.301909115625
0 0.395353221875 0.33801249375000003 0.38840877812499996 0.3413979109375 0.3874828515625 0.3460854109375 0.394427296875 0.351033328125 0.40322359218750004 0.35129374375 0.40877914843749996 0.348689578125 0.4097050734375 0.342439578125 0.401834703125 0.33801249375000003 0.395353221875 0.33801249375000003
0 0.377243153125 0.41798303593749997 0.3721505609375 0.4213684515625 0.3730764875 0.4281392859375 0.38002093124999997 0.43100386874999996 0.38789130156249996 0.43074345156250005 0.3943727828125 0.42709761874999996 0.3943727828125 0.4213684515625 0.3865024125 0.4174622015625 0.377243153125 0.41798303593749997
