0 0.0701058203125 0.432663690625 0.0727513234375 0.4314236109375 0.06878306875 0.42373511875 0.06299603125 0.419394840625 0.0547288359375 0.415674603125 0.043816137500000005 0.4144345234375 0.0302579359375 0.415674603125 0.0206679890625 0.41964285781250005 0.012896825 0.42745535781250005 0.0132275125 0.43936011875 0.018683862500000002 0.44345238125 0.03125 0.44915674531249994 0.038029099999999996 0.44977678593750003 0.0570436515625 0.4454365078125 0.0615079359375 0.43936011875 0.06795634843750001 0.4357638890625 0.0701058203125 0.432663690625
0 0.78141534375 0.3880208328125 0.7791005296875 0.3808283734375 0.76901455 0.372519840625 0.7587632281250001 0.3695436515625 0.7478505296875 0.36904761875 0.7382605812499999 0.37152777812500004 0.73181216875 0.3756200390625 0.7275132281250001 0.3840525796875 0.7265211640625 0.392733134375 0.7275132281250001 0.3962053578125 0.7329695765625 0.403273809375 0.7425595234375 0.40699404687499996 0.753306878125 0.407862103125 0.7686838625 0.406001984375 0.7723214281249999 0.40426587343750003 0.7794312171875 0.3969494046875 0.78141534375 0.3880208328125
0 0.715608465625 0.3721478171875 0.70651455 0.3645833328125 0.6956018515625 0.3613591265625 0.684689153125 0.3611111109375 0.6737764546875 0.3643353171875 0.6669973546875 0.3689236109375 0.6626984125 0.3743799609375 0.6610449734375 0.3845486109375 0.6630290999999999 0.3892609125 0.671792328125 0.3970734125 0.6797288359375 0.40054563437499996 0.6917989421875 0.40066964218749995 0.7070105812499999 0.3962053578125 0.7142857140625 0.3882688484375 0.7179232796874999 0.380084325 0.715608465625 0.3721478171875
0 0.1421957671875 0.4470486109375 0.14417989375 0.4373759921875 0.14351851875 0.4314236109375 0.140542328125 0.42770337343750003 0.13111772500000002 0.421875 0.12086640156249999 0.419394840625 0.1109457671875 0.41989087343750003 0.0987103171875 0.4236111109375 0.08796296249999999 0.43167162656249997 0.084656084375 0.439112103125 0.08664021093749999 0.4463045640625 0.0920965609375 0.45262896875 0.10565476250000001 0.45907738125 0.11507936562500001 0.4596974203125 0.12053571406250001 0.45907738125 0.1258267203125 0.45535714218749995 0.13955026406249998 0.4505208328125 0.1421957671875 0.4470486109375
0 0.7671957671875 0.551215278125 0.766203703125 0.5472470234375 0.7619047625 0.5412946421875 0.7538029093749999 0.53447420625 0.7435515875 0.53125 0.728339946875 0.53075396875 0.71875 0.5334821421875 0.709325396875 0.5403025796875001 0.70601851875 0.54873511875 0.70568783125 0.5534474203124999 0.7073412703125 0.560887896875 0.7109788359375 0.5665922625 0.722056878125 0.5734126984375 0.7313161375 0.575644840625 0.735119046875 0.5755208328125 0.747519840625 0.5739087296875 0.7585978843750001 0.5680803578125 0.7665343921875001 0.557167659375 0.7671957671875 0.551215278125
0 0.5611772484374999 0.604290675 0.561838625 0.5968501984375 0.5585317453124999 0.588417659375 0.5491071421875 0.5801091265625 0.5388558203125 0.5766369046875 0.5266203703125 0.5758928578125 0.5133928578125 0.5791170640625001 0.502976190625 0.5874255953125 0.500661375 0.5928819437499999 0.500661375 0.600818453125 0.5042989421875 0.6099950390625 0.5114087296875 0.6163194437499999 0.5223214281249999 0.6212797625 0.5327380953125 0.6211557546875001 0.5395171953125 0.6205357140625 0.5491071421875 0.6168154765625 0.5575396828125 0.6104910718750001 0.5611772484374999 0.604290675
0 0.8554894187500001 0.5593998015625 0.85615079375 0.5524553578125 0.8548280421875001 0.5477430562500001 0.8508597890624999 0.541542659375 0.8424272484375 0.5357142859375 0.830853175 0.53174603125 0.815972221875 0.531498015625 0.8057209000000001 0.53447420625 0.7959656078124999 0.5412946421875 0.7926587296875 0.548983134375 0.7929894187500001 0.5561755953125 0.7949735453125 0.5616319437499999 0.8043981484374999 0.5699404765625 0.815641534375 0.57490079375 0.82473545 0.5750248015625 0.8364748671875001 0.5736607140625 0.847056878125 0.5694444437499999 0.853505290625 0.5638640875 0.8554894187500001 0.5593998015625
0 0.5390211640625 0.6561259921875 0.537367725 0.650917659375 0.533730159375 0.645957340625 0.527943121875 0.64112103125 0.5173611109375 0.6366567453124999 0.5107473546875 0.6354166671875 0.503472221875 0.6354166671875 0.4948743390625 0.6391369046875 0.48627645468749997 0.64112103125 0.48048941875000006 0.644965278125 0.47718253906249997 0.650917659375 0.47585978906250004 0.66356646875 0.478174603125 0.670262896875 0.481646825 0.6738591265625 0.50016534375 0.6827876984375 0.5085978843750001 0.68291170625 0.5176917984375 0.6810515875 0.533730159375 0.6719990078125 0.5386904765625 0.663814484375 0.5390211640625 0.6561259921875
0 0.22486772500000002 0.6397569437499999 0.22387566093750003 0.632564484375 0.22123015937499999 0.6258680562500001 0.215773809375 0.62177579375 0.2130804265625 0.61778075625 0.20353835937500003 0.612847221875 0.18799603125 0.6130952375 0.1764219578125 0.615575396875 0.166335978125 0.620659721875 0.15839947031249998 0.6313244046875 0.15873015937499999 0.6432291671875 0.1603835984375 0.6471974203124999 0.16501322812500002 0.6529017859375 0.17080026406249998 0.65674603125 0.177744709375 0.658978175 0.1866732796875 0.6604662703125 0.1927910046875 0.6603422625 0.2041997359375 0.658978175 0.21213624375 0.6550099203124999 0.2208994703125 0.6474454359374999 0.22486772500000002 0.6397569437499999
0 0.25595238125 0.60106646875 0.25595238125 0.5923859125 0.25099206406249996 0.5842013890625 0.2432209 0.57862103125 0.2313161375 0.574652778125 0.21941137500000002 0.5744047625 0.209490740625 0.5766369046875 0.1980820109375 0.5846974203124999 0.1917989421875 0.5933779765625 0.1921296296875 0.60106646875 0.197089946875 0.6104910718750001 0.203207671875 0.6148313484375 0.2078373015625 0.6165674609375 0.21445105781249998 0.6185515875 0.2208994703125 0.6189236109375 0.23495370312500002 0.6173115078125 0.24024470937500003 0.61532738125 0.2516534390625 0.6080109125 0.25595238125 0.60106646875
