0 0.3182342890625 0.71088320625 0.31036391874999997 0.7153102890625 0.31036391874999997 0.72103945625 0.3173083625 0.7244248718749999 0.326104659375 0.72416445625 0.332586140625 0.7205186218749999 0.332586140625 0.714268621875 0.325641696875 0.71088320625 0.3182342890625 0.71088320625
0 0.4094555671875 0.7394377375000001 0.401585196875 0.742823153125 0.39973334375 0.7469898203125 0.40482593749999995 0.752979403125 0.4136222328125 0.7542814875 0.4219555671875 0.7511564875000001 0.42288149218750004 0.7454273203125 0.4168629734375 0.7404794031249999 0.4094555671875 0.7394377375000001
0 0.3164471625 0.754849959375 0.30948820781249997 0.7554852296875 0.30671043125 0.7622560640625 0.313654875 0.768245646875 0.322451171875 0.7679852296874999 0.328932653125 0.764339396875 0.32985857812499997 0.7570477296875 0.3236939421875 0.7545587609375 0.3164471625 0.754849959375
0 0.407798096875 0.753700034375 0.3999277265625 0.757606284375 0.3999277265625 0.7628146171875 0.40594624375 0.7672417 0.4165943921875 0.7675021171874999 0.42214994843750003 0.76489795 0.42307587343749997 0.757606284375 0.4161314296875 0.7531792 0.407798096875 0.753700034375
0 0.40235441875 0.7063385906249999 0.3963359015625 0.708682340625 0.39355812343749996 0.7138906734375 0.3995766421875 0.7198802578125 0.4065210859375 0.7206615078125 0.4130025671875 0.7185781734375001 0.4157803453125 0.7123281734375 0.41068775312500005 0.7073802578125 0.40235441875 0.7063385906249999
0 0.30486358281250003 0.8068818015625 0.3056341734375 0.8131678078125001 0.3129548953125 0.8153354 0.3225874171875 0.8162024406249999 0.3269816390625 0.8114120421875001 0.3260557125 0.8067245421875 0.3210462078125 0.8023298437499999 0.31077793593749997 0.803859959375 0.30486358281250003 0.8068818015625
0 0.37773090625 0.8058372109375 0.37819386875 0.8081809609375 0.3820576765625 0.8116271453125 0.3882225125 0.8146617781250001 0.39746970937500004 0.8137947390625 0.4018049796875 0.8079205437500001 0.400879053125 0.80323304375 0.3893049796875 0.799847628125 0.38282349843749996 0.8014101281249999 0.37773090625 0.8058372109375
0 0.3036239 0.8294639625 0.29667945625000003 0.8344118796875 0.29667945625000003 0.8401410453124999 0.3045498265625 0.8450889625 0.313346121875 0.8448285453125 0.31982760312499997 0.8417035453124999 0.32167945625 0.8344118796875 0.3138090859375 0.8294639625 0.3036239 0.8294639625
0 0.295315728125 0.8659361796875 0.291984075 0.8721015296875001 0.29457220781250004 0.8770519546875001 0.30285426718749997 0.8793815796875 0.3124453578125 0.8776549296875 0.3152231359375 0.8745299296875 0.3124453578125 0.8672382624999999 0.3064268390625 0.8648945124999999 0.295315728125 0.8659361796875
0 0.3932330484375 0.879661871875 0.3875391640625 0.8843211 0.3875926375 0.889594040625 0.3965983046875 0.8915477453125 0.40518523125000006 0.8901148750000001 0.4098148609375 0.8843857078124999 0.40876184843749996 0.8817002781250001 0.4009974484375 0.879661871875 0.3932330484375 0.879661871875
0 0.2917840390625 0.9040568015625 0.2857655203125 0.9084838843749999 0.28669144687500003 0.9152547171875 0.2963868890625 0.9183327625000001 0.306135890625 0.9157755515625 0.30891366875 0.9131713843749999 0.30706181718750003 0.9053588843749999 0.300117371875 0.9030151343749999 0.2917840390625 0.9040568015625
0 0.3880884375 0.8928542187499999 0.3811439921875 0.89988546875 0.3890143625 0.906395884375 0.3959588078125 0.9071771343749999 0.4033662140625 0.9045729687499999 0.4052180671875 0.8967604687499999 0.40012547343750005 0.8933750515625001 0.3880884375 0.8928542187499999
0 0.28796634375 0.9182243781249999 0.28102189843750003 0.9216097953125001 0.28102189843750003 0.9294222953125001 0.2870404171875 0.9328077109375 0.2958367140625 0.9325472953125 0.303244121875 0.9278597953125001 0.30417004687500004 0.9226514609375001 0.2990774546875 0.9187452109375001 0.28796634375 0.9182243781249999
0 0.39430943281249997 0.9267250875 0.3915316546875 0.9303709203125001 0.39384646874999996 0.9363605046875 0.40268005625000003 0.9389484734375 0.4137538765625 0.9361000875000001 0.414679803125 0.9288084203125001 0.40866128437500004 0.9249021703125001 0.40032795156249995 0.9243813375000001 0.39430943281249997 0.9267250875
