0 0.388377184375 0.333153665625 0.37992172812499997 0.33721496093750003 0.3780698765625 0.3419024609375 0.38316246875000004 0.3458087109375 0.3910328390625 0.3460691265625 0.398440246875 0.3429441265625 0.40029209843749997 0.3382566265625 0.3970513578125 0.3348712109375 0.388377184375 0.333153665625
0 0.477891096875 0.3603907796875 0.4686318375 0.3609116140625 0.46261331875 0.3648178640625 0.4635392453125 0.3695053640625 0.47372443124999997 0.3726303640625 0.48055201406250003 0.3718292078125 0.48483554218749997 0.36742202968750004 0.483909615625 0.36273452968750003 0.477891096875 0.3603907796875
0 0.36058416718749997 0.5004923953125 0.3545656484375 0.5028361453125 0.351787871875 0.5096069796875 0.3559545375 0.5135132296875 0.364750834375 0.5142944796875 0.37123231562500003 0.5116903125000001 0.37401009375 0.5059611453125 0.367991575 0.5010132296875 0.36058416718749997 0.5004923953125
0 0.38223645624999997 0.37277041093749996 0.37529201093750003 0.37563499375 0.37344015937499997 0.38032249375 0.3785327515625 0.38422874375 0.38455127031249997 0.38500999375 0.392884603125 0.382405828125 0.3952159609375 0.3777183046875 0.3896438625 0.37329124375 0.38223645624999997 0.37277041093749996
0 0.45125323125000005 0.4927192390625 0.4470865640625 0.4955838234375 0.44801249062500004 0.5002713234375 0.45912360156250004 0.50391715625 0.46838286093750003 0.5013129890625 0.4693087875 0.4955838234375 0.4614384171875 0.49219840625 0.45125323125000005 0.4927192390625
0 0.4675637328125 0.3254543515625 0.4615452140625 0.32831893437500004 0.45969336250000004 0.3324856015625 0.46478595624999997 0.336912684375 0.4726563265625 0.337693934375 0.47821188125 0.33613143437500004 0.48098965937499993 0.33040226875 0.47589706718749997 0.325975184375 0.4675637328125 0.3254543515625
0 0.4588744953125 0.48021917812500003 0.45285597656250004 0.4836045953125 0.4519300515625 0.4877712625 0.45702264374999996 0.49219834531249995 0.46674486562500006 0.49297959531249996 0.4741522734375 0.48829209531249995 0.4741522734375 0.48412542812500003 0.46535597656250005 0.4796983453125 0.4588744953125 0.48021917812500003
0 0.45787676250000003 0.52609311875 0.4509323171875 0.5294785359375 0.4509323171875 0.5357285359375 0.4560249109375 0.5385931187499999 0.46482120625 0.5388535359375 0.4694508359375 0.5372910359375 0.4722286140625 0.5310410359375 0.46435824375 0.52609311875 0.45787676250000003 0.52609311875
0 0.372692925 0.4704044625 0.36574848125 0.4727482125 0.362970703125 0.47899821249999996 0.368989221875 0.48342529531249995 0.37778551718750003 0.4836857125 0.3861188515625 0.47899821249999996 0.385192925 0.47483154531249994 0.3801003328125 0.47144612812500003 0.372692925 0.4704044625
0 0.3822364984375 0.41455620781249997 0.37344020312500004 0.4200249578125 0.37436612812500003 0.424191625 0.3813105734375 0.427577040625 0.38918094375 0.427316625 0.395662425 0.423670790625 0.395662425 0.41846245781249997 0.3914957578125 0.415597875 0.3822364984375 0.41455620781249997
0 0.4704836890625 0.375976534375 0.46261331875 0.379882784375 0.46168739375 0.3835286171875 0.46770591250000004 0.3879557 0.47742813437500004 0.3882161171875 0.48483554218749997 0.3835286171875 0.483909615625 0.37936195 0.4781300921875 0.37592005624999997 0.4704836890625 0.375976534375
0 0.4600141890625 0.40678295468750003 0.4493660421875 0.41016837031250003 0.4475141890625 0.41589753749999997 0.45353270781250005 0.41980378749999997 0.460477153125 0.4205850375 0.4678845609375 0.4174600375 0.4697364125 0.4122517046875 0.46695863437499996 0.40860587031250006 0.4600141890625 0.40678295468750003
0 0.3768947984375 0.4391151671875 0.3699503546875 0.442500584375 0.369024428125 0.447188084375 0.3759688734375 0.452136 0.38476516875 0.4523964171875 0.390320725 0.44979224999999995 0.3912466515625 0.44354224999999997 0.38337628125 0.4391151671875 0.3768947984375 0.4391151671875
0 0.35652447187499997 0.520004065625 0.3514318796875 0.52338948125 0.35235780625 0.530160315625 0.35930225 0.5330248984375 0.3671726203125 0.53276448125 0.3736541015625 0.5291186484375 0.3736541015625 0.52338948125 0.36578373124999997 0.51948323125 0.35652447187499997 0.520004065625
