0 0.4449404765625 0.4982638890625 0.455853175 0.499751984375 0.466104496875 0.4990079359375 0.47470238125 0.49677579375 0.4867724875 0.49020337343750003 0.4920634921875 0.4830109125 0.4923941796875 0.47457837343750003 0.4894179890625 0.46688988125 0.477678571875 0.45684523749999995 0.465773809375 0.4521329359375 0.44990079375 0.4516369046875 0.43733465625 0.4548611109375 0.428240740625 0.4624255953125 0.4229497359375 0.4701140875 0.42261904687499996 0.476810515625 0.42625661406250004 0.48623511875 0.434689153125 0.49404761875 0.4449404765625 0.4982638890625
0 0.3239087296875 0.525049603125 0.3364748671875 0.5233134921875 0.34804894218750004 0.5168650796875001 0.35582010625 0.5097966265625 0.36044973593749996 0.498387896875 0.35681216875 0.485491071875 0.3518518515625 0.4780505953125 0.3460648140625 0.4737103171875 0.3361441796875 0.4704861109375 0.32490079375 0.471230159375 0.3139880953125 0.47569444375 0.30919312187500003 0.47879464218749995 0.303240740625 0.485491071875 0.30026454999999996 0.49169146875 0.2999338625 0.5033482140625 0.303240740625 0.51103670625 0.3146494703125 0.521825396875 0.3239087296875 0.525049603125
0 0.3834325390625 0.509920634375 0.3956679890625 0.5119047625 0.4065806875 0.5109126984375 0.41848545000000004 0.506200396875 0.421957671875 0.50186011875 0.424603175 0.4904513890625 0.4229497359375 0.485491071875 0.4136904765625 0.47457837343750003 0.40823412656249997 0.4704861109375 0.39996693125 0.46676587343750003 0.384424603125 0.46478174531249994 0.371197090625 0.46651785781250005 0.36044973593749996 0.47259424531249994 0.35747354531250003 0.47854662656249997 0.3571428578125 0.48648313437499996 0.36276454999999996 0.49665178593750003 0.371197090625 0.5039682546875001 0.3834325390625 0.509920634375
0 0.490575396875 0.5533234125 0.5038029093749999 0.5558035718750001 0.5209986765625 0.5543154765625 0.5302579359374999 0.550347221875 0.5390211640625 0.5442708328125 0.5449735453125 0.5370783734375 0.5459656078124999 0.533358134375 0.5453042328125 0.5251736109375 0.541335978125 0.5169890875 0.5315806875 0.509424603125 0.5166997359375001 0.5047123015625 0.49983465625 0.5054563484375 0.48826058124999994 0.5091765875 0.4761904765625 0.517733134375 0.471891534375 0.526165675 0.471230159375 0.5313740078125 0.47321428593750003 0.538318453125 0.48214285781250005 0.548487103125 0.490575396875 0.5533234125
0 0.428736771875 0.559523809375 0.4522156078125 0.5572916671875 0.4604828046875 0.553075396875 0.4669312171875 0.5477430562500001 0.47222222187499996 0.5378224203124999 0.4705687828125 0.52938988125 0.46428571406249997 0.5212053578125 0.4522156078125 0.5136408734375 0.43964947031249996 0.5111607140625 0.4227843921875 0.512648809375 0.41220238125 0.51612103125 0.4077380953125 0.5194692453124999 0.4007936515625 0.5308779765625 0.4011243390625 0.53856646875 0.40410052968750004 0.5445188484375 0.41617063437499996 0.5555555562500001 0.428736771875 0.559523809375
0 0.3821097890625 0.5989583328125 0.396329365625 0.594494046875 0.41038359843750005 0.5844494046875 0.4169973546875 0.5680803578125 0.41633597812499995 0.558159721875 0.4080687828125 0.5472470234375 0.40261243437500005 0.544146825 0.393353175 0.5424107140625 0.3814484125 0.5426587296875 0.371197090625 0.5453869046875 0.3581349203125 0.5534474203124999 0.3518518515625 0.5611359125 0.3492063484375 0.5688244046875 0.3501984125 0.5809771828125 0.35681216875 0.5906498015625 0.371197090625 0.5982142859375 0.3821097890625 0.5989583328125
0 0.4548611109375 0.60887896875 0.46015211562499997 0.6081349203124999 0.48098545000000004 0.6014384921875 0.48511904687499996 0.5966021828125 0.4857804234375 0.5923859125 0.4831349203125 0.576016865625 0.4737103171875 0.5672123015625 0.4548611109375 0.55927579375 0.4479166671875 0.5585317453124999 0.42906746093750003 0.5605158734375 0.41765872968749995 0.5683283734375 0.4136904765625 0.57626488125 0.4140211640625 0.5844494046875 0.4242724875 0.5978422625 0.440310846875 0.606398809375 0.4548611109375 0.60887896875
0 0.4052579359375 0.6584821421875 0.4138558203125 0.6582341265625 0.42576058124999994 0.6547619046875 0.43948412656249997 0.6464533734375 0.4451058203125 0.6392609125 0.44742063437499996 0.619667659375 0.44444444375 0.613715278125 0.434689153125 0.6039186515625 0.42377645468749997 0.5987103171875 0.40823412656249997 0.5979662703125 0.3946759265625 0.6019345234375 0.3852513234375 0.6085069437499999 0.3773148140625 0.619667659375 0.3753306875 0.6276041671875 0.3763227515625 0.6400049609375 0.38392857187499996 0.6504216265625 0.39798280468749997 0.6572420640625001 0.4052579359375 0.6584821421875
0 0.45684523749999995 0.653521825 0.4690806875 0.65947420625 0.4763558203125 0.6612103171875 0.48726851875 0.6612103171875 0.5018187828125 0.6584821421875 0.512896825 0.651165675 0.5165343921875001 0.6471974203124999 0.51851851875 0.6417410718750001 0.5205026453125 0.6236359125 0.515542328125 0.614459325 0.509424603125 0.608630953125 0.49652777812500004 0.6029265875 0.48065476250000005 0.6019345234375 0.47106481406249995 0.6039186515625 0.45767195781250003 0.6102430562500001 0.44874338593749996 0.620163690625 0.446428571875 0.6318204359374999 0.44609788437500003 0.6392609125 0.4477513234375 0.6432291671875 0.44973545000000004 0.6471974203124999 0.45684523749999995 0.653521825
0 0.5454695765625 0.668402778125 0.5534060843749999 0.6698908734375 0.5672949734375 0.668898809375 0.578207671875 0.6631944437499999 0.5859788359375 0.6558779765625 0.5889550265625 0.6474454359374999 0.5886243390625 0.6397569437499999 0.5859788359375 0.632068453125 0.5820105812499999 0.6248759921875 0.577711640625 0.62041170625 0.5666335984375 0.6133432546875001 0.54976851875 0.609375 0.5381944437499999 0.6106150796875001 0.5297619046875 0.6154513890625 0.521825396875 0.62313988125 0.51917989375 0.6328125 0.51917989375 0.64521329375 0.5234788359375 0.6529017859375 0.533895503125 0.6629464281249999 0.5454695765625 0.668402778125
0 0.51240079375 0.6103670640625001 0.52496693125 0.6108630953125 0.5358796296875 0.609126984375 0.5482804234375 0.600818453125 0.5545634921875 0.5911458328125 0.5552248671875 0.57998511875 0.5505952375 0.56981646875 0.5391865078125 0.5607638890625 0.528273809375 0.556795634375 0.5170304234375 0.5553075390625 0.5074404765625 0.55654761875 0.49983465625 0.559771825 0.48842592656250006 0.5688244046875 0.484788359375 0.57626488125 0.48511904687499996 0.588665675 0.48842592656250006 0.595858134375 0.4952050265625 0.6016865078125 0.51240079375 0.6103670640625001
0 0.5676256609375 0.5741567453124999 0.5801917984375 0.5771329359374999 0.61292989375 0.57217261875 0.6226851859375 0.5651041671875 0.627645503125 0.554935515625 0.627645503125 0.5479910718750001 0.622354496875 0.53955853125 0.61292989375 0.5334821421875 0.606646825 0.531001984375 0.5977182546875001 0.5295138890625 0.5805224875 0.5300099203124999 0.5696097890625 0.5334821421875 0.559523809375 0.539310515625 0.5515873015625 0.5492311515625 0.5519179890625 0.557167659375 0.5555555562500001 0.5648561515625 0.559523809375 0.5693204359374999 0.5676256609375 0.5741567453124999
0 0.597387565625 0.6294642859375 0.61193783125 0.6297123015625 0.622519840625 0.6262400796875001 0.6335978843750001 0.6191716265625 0.6421957671875 0.6067708328125 0.6415343921875001 0.5923859125 0.634589946875 0.582961309375 0.6241732796874999 0.5763888890625 0.61193783125 0.5731646828125 0.5920965609375 0.575644840625 0.580853175 0.5793650796875001 0.5714285718750001 0.5879216265625 0.5667989421875 0.5968501984375 0.56845238125 0.6092509921875 0.5727513234375 0.6161954359374999 0.5848214281249999 0.6262400796875001 0.597387565625 0.6294642859375
