0 0.345286321875 0.5522251265625 0.33741595156250004 0.5566522109375 0.33741595156250004 0.5623813765625 0.34436039687500003 0.56576679375 0.3531566921875 0.5655063765625 0.3596381734375 0.56186054375 0.3596381734375 0.5556105437500001 0.3526937296875 0.5522251265625 0.345286321875 0.5522251265625
0 0.43365533437500003 0.5807132890625 0.42578496406250005 0.5840987046875 0.4239331125 0.588265371875 0.4290257046875 0.5942549546875 0.43782200156249995 0.5955570390625 0.44615533437500005 0.5924320390625 0.4470812609375 0.586702871875 0.445160334375 0.5830652109375001 0.43365533437500003 0.5807132890625
0 0.3417431875 0.5958806609375 0.334784234375 0.59651593125 0.33200645624999997 0.6032867656249999 0.33895090156249996 0.6092763484375 0.347747196875 0.60901593125 0.35422867812500003 0.6053700984375 0.3551546046875 0.59807843125 0.34898996875 0.5955894625 0.3417431875 0.5958806609375
0 0.43327097812500004 0.595220434375 0.4254006078125 0.599126684375 0.4254006078125 0.60433501875 0.43141912656250003 0.6087621015625 0.44206727343749996 0.60902251875 0.4476228296875 0.6064183515625 0.44854875625 0.599126684375 0.44160431093749997 0.5946996015625 0.43327097812500004 0.595220434375
0 0.43042955000000005 0.549910815625 0.42441103125 0.552254565625 0.421633253125 0.5574628984375 0.42765177187500003 0.5634524812499999 0.43459621718749997 0.56423373125 0.44107769843750005 0.5621503984375 0.44385547656249996 0.5559003984374999 0.4387628828125 0.55095248125 0.43042955000000005 0.549910815625
0 0.33122023437500003 0.6471521578125 0.3319908234375 0.6534381640625 0.339311546875 0.6556057562500001 0.34894406718750004 0.6564727968749999 0.3533382890625 0.6516823984375 0.3524123640625 0.6469948984375 0.3474028578125 0.6426002000000001 0.3371345859375 0.644130315625 0.33122023437500003 0.6471521578125
0 0.4061516421875 0.64153745625 0.4066146046875 0.64388120625 0.41047841093750004 0.6473273921875 0.4181977359375 0.6504282859375 0.4258904453125 0.649494984375 0.43022571562499995 0.643620790625 0.4292997890625 0.638933290625 0.41772571562499994 0.6355478734375 0.41124423437499996 0.6371103734375 0.4061516421875 0.64153745625
0 0.3341571109375 0.6675419390624999 0.32721266718750003 0.6724898546875 0.32721266718750003 0.678219021875 0.3350830375 0.6831669390624999 0.3438793328125 0.682906521875 0.35036081406249997 0.6797815218750001 0.3522126671875 0.6724898546875 0.344342296875 0.6675419390624999 0.3341571109375 0.6675419390624999
0 0.32218401406249997 0.7025635328125001 0.31885236250000004 0.7087288828125 0.32144049531249996 0.7136793078125 0.329722553125 0.7160089328125 0.33931364375 0.7142822828125001 0.342091421875 0.7111572828125 0.33931364375 0.703865615625 0.33329512656250004 0.701521865625 0.32218401406249997 0.7025635328125001
0 0.4199332546875 0.7125390031250001 0.41423936875 0.71719823125 0.41429284375000003 0.722471171875 0.42543461718750003 0.7258486234375 0.436210940625 0.724333025 0.436515065625 0.7172628390625 0.435462053125 0.7145774078125 0.42769765312499997 0.7125390031250001 0.4199332546875 0.7125390031250001
0 0.3202000390625 0.731352190625 0.31418152187500004 0.7357792734374999 0.31510744687500003 0.7425501062500001 0.324802890625 0.7456281515625001 0.33455189218750003 0.743070940625 0.33732966875 0.7404667734375 0.3354778171875 0.7326542734375 0.327434021875 0.7328637312499999 0.3202000390625 0.731352190625
0 0.41522153125 0.7253255484375 0.40827708593749995 0.7323567984375 0.41614745624999994 0.738867215625 0.4230919015625 0.739648465625 0.4304993078125 0.7370442984375 0.43235116093750003 0.7292317984375 0.42725856718750005 0.7258463828124999 0.41522153125 0.7253255484375
0 0.31027187343749996 0.75271876875 0.31027187343749996 0.76053126875 0.3162903921875 0.7639166859375 0.326375653125 0.7641231328125 0.3324940953125 0.75896876875 0.33342002187499997 0.7537604359375 0.32832742812500004 0.7498541859375 0.3172163171875 0.749333353125 0.31027187343749996 0.75271876875
0 0.41951351875 0.7575735531250001 0.41701662031250003 0.758682115625 0.4142388421875 0.76232795 0.4165536578125 0.7683175328125 0.42538724375000003 0.7709055031250001 0.4364610640625 0.768057115625 0.437386990625 0.76076545 0.43136847187500005 0.7568592 0.42303513906249995 0.756338365625 0.41951351875 0.7575735531250001
