0 0.3328703703125 0.31688101875 0.3231481484375 0.3202664359375 0.322222221875 0.32339143593749997 0.3273148140625 0.32781851875 0.3351851859375 0.32859976875 0.34444444375 0.3249539359375 0.3453703703125 0.321308103125 0.34120370312500004 0.3179226859375 0.3328703703125 0.31688101875
0 0.4325621578125 0.4539984875 0.428395490625 0.45686307187499997 0.428395490625 0.4610297375 0.43533993593750003 0.46441515468750005 0.44321030625 0.4641547375 0.44969178750000005 0.4610297375 0.44969178750000005 0.4563422375 0.4427473421875 0.45295682187499997 0.4325621578125 0.4539984875
0 0.3541666671875 0.4213541671875 0.3481481484375 0.42369791718750005 0.34629629687499996 0.42786458281249995 0.3495370375 0.43177083281249995 0.3583333328125 0.4330729171875 0.3648148140625 0.43151041718750005 0.36666666718749996 0.42682291718750004 0.36157407343750003 0.4223958328125 0.3541666671875 0.4213541671875
0 0.3581798703125 0.44004565468749995 0.3512354265625 0.44291023906250004 0.3503095 0.44863940468749997 0.35447616718749997 0.45098315468749994 0.3623465375 0.45124357187499997 0.36882801875000004 0.44863940468749997 0.3706798703125 0.4444727390625 0.36558727812499997 0.4405664890625 0.3581798703125 0.44004565468749995
0 0.44490740781250004 0.3891023953125 0.44166666718750003 0.3914461453125 0.44444444375 0.39769614531249997 0.4574074078125 0.3992586453125 0.46388888906250003 0.3961336453125 0.46296296249999996 0.3909253125 0.45324074062499997 0.3875398953125 0.44490740781250004 0.3891023953125
0 0.29305555625 0.44257503593749997 0.28796296250000003 0.4459604515625 0.28796296250000003 0.45064795156250004 0.29398148125 0.45403336875000005 0.302777778125 0.45429378593749997 0.30740740781250003 0.45325211875000004 0.3101851859375 0.44648128593749997 0.3023148140625 0.4420542015625 0.29305555625 0.44257503593749997
0 0.3297843796875 0.4604565625 0.3246917875 0.46384197812499994 0.3256177125 0.46852947812499995 0.3325621578125 0.47139406250000004 0.341358453125 0.4711336453125 0.346914009375 0.46852947812499995 0.346914009375 0.46280031250000003 0.3399695640625 0.4594148953125 0.3297843796875 0.4604565625
0 0.416697609375 0.42698490624999996 0.4097531640625 0.43089115624999996 0.41067909062499997 0.43557865625 0.42364205312500003 0.43870365624999996 0.43104946093749996 0.4360994890625 0.4319753875 0.43089115624999996 0.42503094218750004 0.42698490624999996 0.416697609375 0.42698490624999996
0 0.29305555625 0.34455496406249997 0.2870370375 0.34794037968749997 0.2870370375 0.3515862140625 0.2921296296875 0.35445079687500003 0.3009259265625 0.3547112140625 0.30648148124999997 0.3515862140625 0.30648148124999997 0.3463778796875 0.30046296250000004 0.34403412968749997 0.29305555625 0.34455496406249997
0 0.2870370375 0.38262688125 0.28611111093749997 0.386793546875 0.29305555625 0.3901789640625 0.3 0.389918546875 0.30555555624999997 0.386793546875 0.30555555624999997 0.382106046875 0.29398148125 0.37976229687499996 0.2870370375 0.38262688125
0 0.3249690578125 0.3636862359375 0.3161727609375 0.367071653125 0.3161727609375 0.3722799859375 0.3282097984375 0.3754049859375 0.33561720625 0.373321653125 0.33746905781250003 0.3681133203125 0.333302390625 0.36472790312500003 0.3249690578125 0.3636862359375
0 0.39811720625 0.34854717343749997 0.3939505390625 0.35193258906249997 0.3948764640625 0.35609925625 0.39996905781250003 0.35896383906249996 0.41061720625 0.35922425625 0.4161727609375 0.35609925625 0.4152468359375 0.34984925625 0.408302390625 0.34750550625 0.39811720625 0.34854717343749997
0 0.4700931 0.4282695796875 0.4650005078125 0.4306133296875 0.46407458124999995 0.4358216640625 0.46731532187499997 0.438686246875 0.478889396875 0.4399883296875 0.48722272968749997 0.4353008296875 0.486296803125 0.4311341640625 0.4784264328125 0.42774874687500003 0.4700931 0.4282695796875
0 0.3421296296875 0.3611169609375 0.33703703749999997 0.36450237812499997 0.33703703749999997 0.36866904375 0.3421296296875 0.371533628125 0.3509259265625 0.37179404374999997 0.35648148125 0.37023154375 0.3583333328125 0.36450237812499997 0.3513888890625 0.36059612812499997 0.3421296296875 0.3611169609375
0 0.366203703125 0.38556123593749997 0.3620370375 0.388946653125 0.3638888890625 0.393634153125 0.36898148124999997 0.39597790312500003 0.377777778125 0.3957174859375 0.38333333281250004 0.3915508203125 0.38240740781250004 0.3879049859375 0.3773148140625 0.385040403125 0.366203703125 0.38556123593749997
0 0.4106481484375 0.3751096890625 0.40277777812500004 0.379536771875 0.403703703125 0.3837034390625 0.4106481484375 0.386568021875 0.4175925921875 0.38630760625 0.42203490156249995 0.38462205625 0.4240740734375 0.379536771875 0.4199074078125 0.37615135624999996 0.4106481484375 0.3751096890625
0 0.4862658609375 0.40188028437499995 0.4830251203125 0.40526570156249997 0.483951046875 0.4099532015625 0.49321030625000006 0.4125573671875 0.5010806765625 0.411255284375 0.5043214171875 0.407349034375 0.49830289843750003 0.4008386171875 0.4862658609375 0.40188028437499995
0 0.40033915625 0.3221927625 0.3933947109375 0.32453651250000004 0.391542859375 0.3307865125 0.397561378125 0.333651096875 0.40543174843749996 0.3333906796875 0.4106748890625 0.3321062625 0.4119132296875 0.3271406796875 0.4077465625 0.3232344296875 0.40033915625 0.3221927625
0 0.41944444374999995 0.33828125 0.41944444374999995 0.3424479171875 0.42453703750000005 0.3458333328125 0.43333333281249997 0.34609375 0.440740740625 0.3419270828125 0.43981481406249995 0.3372395828125 0.4263888890625 0.334375 0.41944444374999995 0.33828125
0 0.47453703750000004 0.3572916671875 0.4675925921875 0.3606770828125 0.4675925921875 0.3653645828125 0.47361111093749997 0.36875 0.4824074078125 0.3690104171875 0.4888888890625 0.3653645828125 0.48981481406249994 0.3611979171875 0.48194444374999995 0.3572916671875 0.47453703750000004 0.3572916671875
0 0.3578703703125 0.346875 0.353703703125 0.3528645828125 0.35555555625 0.35546875 0.36157407343750003 0.3578125 0.3703703703125 0.3575520828125 0.3759259265625 0.35390625 0.3759259265625 0.3486979171875 0.36990740781250003 0.3458333328125 0.3578703703125 0.346875
