0 0.5272817453124999 0.4145171953125 0.5270337296875 0.408895503125 0.5257936515625 0.4059193125 0.5164930562500001 0.39517195781250003 0.5117807546875001 0.3928571421875 0.49813988125 0.39318783125 0.489211309375 0.400132275 0.4858630953125 0.4072420640625 0.48784722187499996 0.4168320109375 0.5060763890625 0.42890211562499997 0.5091765875 0.428736771875 0.517733134375 0.4265873015625 0.5224454359374999 0.42394179843749996 0.5257936515625 0.4201388890625 0.5272817453124999 0.4145171953125
0 0.5771329359374999 0.3801256609375 0.5718005953125 0.3730158734375 0.5621279765625 0.36673280468749997 0.5564236109375 0.36607142812500004 0.548983134375 0.36805555624999997 0.545262896875 0.3703703703125 0.5401785718750001 0.3764880953125 0.5376984125 0.38177910000000004 0.536954365625 0.38740079375 0.5381944437499999 0.3926917984375 0.5403025796875001 0.3955026453125 0.5467509921875 0.3981481484375 0.554439484375 0.4044312171875 0.557167659375 0.40575396875 0.5615079359374999 0.40558862500000004 0.5703125 0.40178571406249997 0.5766369046875 0.39500661406250004 0.578125 0.38773148125 0.5771329359374999 0.3801256609375
0 0.45734127031250005 0.4307209 0.4580853171875 0.4234457671875 0.4548611109375 0.41484788437500003 0.4507688484375 0.40972222187499996 0.44580853125 0.40641534375 0.4373759921875 0.40542327968749997 0.4306795640625 0.4077380953125 0.42237103125 0.415509259375 0.41840277812500004 0.42443783125 0.41815476250000005 0.434689153125 0.42113095312500004 0.4426256609375 0.42770337343750003 0.44874338593749996 0.4314236109375 0.450396825 0.4365079359375 0.45056216875 0.44308035781250005 0.44907407343749994 0.44878472187499996 0.4451058203125 0.45634920625 0.43402777812500004 0.45734127031250005 0.4307209
0 0.547123015625 0.465773809375 0.547123015625 0.46015211562499997 0.543898809375 0.4515542328125 0.5378224203124999 0.4454365078125 0.529637896875 0.44080687812499997 0.520709325 0.4421296296875 0.513516865625 0.447089946875 0.5076884921875 0.45519179843749996 0.5049603171875 0.46544312187500003 0.50595238125 0.477678571875 0.51376488125 0.4897486765625 0.5197172625 0.49272486718749997 0.5270337296875 0.4932209 0.5336061515625 0.49140211562499997 0.541170634375 0.484623015625 0.5451388890625 0.477678571875 0.547123015625 0.465773809375
0 0.5074404765625 0.439980159375 0.506200396875 0.4327050265625 0.5031001984375 0.4269179890625 0.4936755953125 0.4203042328125 0.48648313437499996 0.41898148125 0.48028273749999995 0.4209656078125 0.47234622968749995 0.42625661406250004 0.4670138890625 0.43402777812500004 0.46651785781250005 0.4439484125 0.46676587343750003 0.446593915625 0.46788194375 0.4477513234375 0.473834325 0.44874338593749996 0.48053075468750006 0.4517195765625 0.490575396875 0.46445105781249996 0.498387896875 0.4609788359375 0.5044642859375 0.4555224875 0.5069444437499999 0.45122354531250003 0.5074404765625 0.439980159375
0 0.5694444437499999 0.43964947031249996 0.565972221875 0.4293981484375 0.5586557546875001 0.4203042328125 0.5492311515625 0.415674603125 0.5405505953125 0.4166666671875 0.532862103125 0.4203042328125 0.5297619046875 0.42377645468749997 0.52802579375 0.428406084375 0.5295138890625 0.4386574078125 0.5427827375 0.44973545000000004 0.5474950390625 0.45734127031250005 0.549355159375 0.4581679890625 0.55791170625 0.4520502640625 0.567336309375 0.4500661375 0.56845238125 0.44857804218749997 0.5694444437499999 0.43964947031249996
0 0.462053571875 0.3477182546875 0.4623015875 0.33945105781249996 0.46031746093750003 0.3311838625 0.4517609125 0.3240740734375 0.448288690625 0.3227513234375 0.43960813437499996 0.3244047625 0.4296875 0.3296957671875 0.4265873015625 0.33548280468749997 0.42559523749999995 0.3434193125 0.4268353171875 0.3540013234375 0.4314236109375 0.3611111109375 0.43960813437499996 0.365740740625 0.44618055625 0.365906084375 0.45498511875 0.3630952375 0.45709325468750006 0.3576388890625 0.4613095234375 0.352347884375 0.462053571875 0.3477182546875
0 0.47854662656249997 0.3121693125 0.48623511875 0.3128306875 0.48759920625 0.309689153125 0.487351190625 0.30373677187500003 0.48102678593750003 0.2956349203125 0.47085813437499996 0.2893518515625 0.46664186562500004 0.29001322812499997 0.45870535781250005 0.29398148125 0.45510912656249997 0.29778439218749997 0.45238095312500004 0.303075396875 0.45114087343750003 0.3110119046875 0.45386904687499996 0.3209325390625 0.459325396875 0.32622354531250003 0.4624255953125 0.3250661375 0.46428571406249997 0.3206018515625 0.469866071875 0.3144841265625 0.47854662656249997 0.3121693125
0 0.5193452375 0.26240079375 0.5205853171875 0.2547949734375 0.5195932546875001 0.2514880953125 0.5152529765625 0.24570105781249998 0.5100446421875 0.24305555625 0.502108134375 0.24371693125 0.49441964218749995 0.24735449687500002 0.49032738125 0.25347222187499996 0.48759920625 0.2614087296875 0.48809523749999995 0.26603835937500003 0.49665178593750003 0.2728174609375 0.49801587343750003 0.27695105781249996 0.49925595312500004 0.27695105781249996 0.50186011875 0.2764550265625 0.502976190625 0.27232142812500004 0.5065724203124999 0.26818783125 0.5193452375 0.26240079375
0 0.6019345234375 0.30042989375 0.5989583328125 0.2931547625 0.5946180562500001 0.287367725 0.5879216265625 0.2833994703125 0.5772569437499999 0.284391534375 0.570560515625 0.2896825390625 0.5662202375 0.297453703125 0.5669642859375 0.30902777812500004 0.570064484375 0.3141534390625 0.5767609125 0.3197751328125 0.5860615078125 0.32126322812499997 0.5923859125 0.31944444375000003 0.5998263890625 0.313161375 0.6019345234375 0.308697090625 0.6019345234375 0.30042989375
0 0.525049603125 0.3047288359375 0.5228174609375 0.2991071421875 0.517237103125 0.29365079375 0.5100446421875 0.291335978125 0.502108134375 0.291335978125 0.494667659375 0.2982804234375 0.4908234125 0.30373677187500003 0.4893353171875 0.3083664015625 0.4890873015625 0.3139880953125 0.49813988125 0.328373015625 0.5074404765625 0.328869046875 0.51376488125 0.32705026406250004 0.5220734125 0.3189484125 0.5248015875 0.31299603125000003 0.525049603125 0.3047288359375
0 0.565476190625 0.3450727515625 0.560887896875 0.3366402109375 0.5529513890625 0.3303571421875 0.5440228171875 0.32903439218749997 0.5343501984375 0.33167989375 0.5295138890625 0.33713624375 0.5275297625 0.3417658734375 0.5267857140625 0.34474206406249996 0.5272817453124999 0.35069444375000003 0.5292658734375 0.3556547625 0.5353422625 0.36375661406250004 0.541542659375 0.3673941796875 0.5453869046875 0.3678902109375 0.5531994046875 0.366402115625 0.55791170625 0.3634259265625 0.5625 0.3573082015625 0.565476190625 0.3450727515625
0 0.590277778125 0.47073412656249997 0.58779761875 0.46511243437500005 0.5804811515625 0.45568783125 0.5720486109375 0.45105820156250004 0.5631200390625 0.4507275125 0.557415675 0.452711640625 0.5529513890625 0.45601851875 0.5483630953125 0.46147486718749997 0.547123015625 0.4670965609375 0.546875 0.4763558203125 0.55009920625 0.484623015625 0.5546875 0.490410053125 0.5616319437499999 0.4953703703125 0.567832340625 0.497023809375 0.5736607140625 0.496858465625 0.5807291671875 0.4953703703125 0.5892857140625 0.48693783125 0.59052579375 0.4737103171875 0.590277778125 0.47073412656249997
0 0.612103175 0.2799272484375 0.6111111109375 0.27232142812500004 0.6060267859375 0.2638888890625 0.6000744046875 0.259589946875 0.5913938484375 0.258597884375 0.5849454359374999 0.2615740734375 0.5761408734375 0.2703373015625 0.575396825 0.271990740625 0.575644840625 0.278273809375 0.5767609125 0.2830687828125 0.5901537703125 0.28472222187499996 0.5961061515625 0.2893518515625 0.6000744046875 0.2956349203125 0.6011904765625 0.2954695765625 0.6041666671875 0.2944775125 0.606894840625 0.2888558203125 0.6108630953125 0.28455687812499997 0.612103175 0.2799272484375
0 0.49032738125 0.47304894218750004 0.4890873015625 0.46445105781249996 0.48499503906249997 0.45568783125 0.4782986109375 0.4500661375 0.46688988125 0.4477513234375 0.4559771828125 0.453042328125 0.45089285781250005 0.45882936562500004 0.446924603125 0.47073412656249997 0.446924603125 0.4813161375 0.44965277812500004 0.491236771875 0.45746527812500004 0.500661375 0.46416170625 0.5039682546875001 0.47073412656249997 0.5041335984375 0.4775545640625 0.5009920640625001 0.4858630953125 0.49156746093750003 0.4895833328125 0.481646825 0.49032738125 0.47304894218750004
0 0.48834325468750006 0.397652115625 0.48511904687499996 0.391369046875 0.48077877031250005 0.3859126984375 0.47581845312500004 0.38326719531250003 0.4658978171875 0.38194444375000003 0.45721726250000005 0.3852513234375 0.45114087343750003 0.3923611109375 0.44890872968749995 0.396990740625 0.4476686515625 0.40294312187500003 0.4479166671875 0.4079034390625 0.45386904687499996 0.4138558203125 0.4592013890625 0.424603175 0.4663938484375 0.4265873015625 0.47098214218749995 0.42642195781250003 0.48003472187499996 0.41997354531250003 0.484623015625 0.41848545000000004 0.4861111109375 0.40625 0.48834325468750006 0.397652115625
0 0.5656001984375 0.26653439218749997 0.5584077375 0.2609126984375 0.5527033734375 0.259259259375 0.5442708328125 0.26124338593749996 0.5376984125 0.2673611109375 0.5354662703125 0.271990740625 0.5354662703125 0.277612434375 0.5375744046875 0.2860449734375 0.5405505953125 0.2870370375 0.545262896875 0.2860449734375 0.5527033734375 0.2867063484375 0.564980159375 0.2948082015625 0.568700396875 0.290839946875 0.5696924609375 0.283895503125 0.5691964281249999 0.2736441796875 0.5656001984375 0.26653439218749997
0 0.5238095234375 0.3827711640625 0.5240575390625 0.3764880953125 0.5223214281249999 0.371197090625 0.5167410718750001 0.3644179890625 0.5068204359374999 0.358796296875 0.4998759921875 0.359457671875 0.49293154687499996 0.3630952375 0.487103175 0.3708664015625 0.4856150796875 0.3768187828125 0.4858630953125 0.3824404765625 0.48871527812500004 0.3892195765625 0.4939236109375 0.39384920625 0.49553571406249997 0.3936838625 0.5145089281249999 0.39252645468749997 0.5182291671875 0.390873015625 0.5220734125 0.38740079375 0.5238095234375 0.3827711640625
0 0.49578372968749995 0.32457010625 0.48995535781250005 0.316137565625 0.48499503906249997 0.3128306875 0.474082340625 0.3125 0.47085813437499996 0.31349206406249996 0.46664186562500004 0.3174603171875 0.462549603125 0.32457010625 0.46155753906249997 0.32853835937500003 0.46180555625 0.335152115625 0.46502976250000005 0.346395503125 0.46664186562500004 0.34821428593750003 0.473586309375 0.346560846875 0.48053075468750006 0.34722222187499996 0.490575396875 0.35499338593749996 0.49578372968749995 0.3490410046875 0.4982638890625 0.340773809375 0.4982638890625 0.3331679890625 0.49578372968749995 0.32457010625
0 0.466021825 0.2888558203125 0.4675099203125 0.2825727515625 0.46676587343750003 0.2772817453125 0.4624255953125 0.271164021875 0.4554811515625 0.26818783125 0.447792659375 0.26884920625 0.44109622968749995 0.2728174609375 0.43551587343750003 0.2815806875 0.43328372968749995 0.2888558203125 0.43353174531249994 0.296130953125 0.4351438484375 0.2982804234375 0.44109622968749995 0.3009259265625 0.44742063437499996 0.3077050265625 0.4507688484375 0.30687830625 0.45696924531249994 0.2953042328125 0.463913690625 0.291335978125 0.466021825 0.2888558203125
0 0.4387400796875 0.27695105781249996 0.439980159375 0.27232142812500004 0.4392361109375 0.2670304234375 0.43539186562500004 0.26223545000000004 0.4281994046875 0.25892857187499996 0.42001488125 0.259589946875 0.41331845312500004 0.26455026406250004 0.40848214218749995 0.271990740625 0.40674603125 0.2829034390625 0.408730159375 0.290839946875 0.41331845312500004 0.2946428578125 0.4208829359375 0.29646164062499997 0.42770337343750003 0.2953042328125 0.4309275796875 0.2926587296875 0.435019840625 0.28224206406249996 0.4387400796875 0.27695105781249996
0 0.6021825390625 0.3609457671875 0.6019345234375 0.35499338593749996 0.5977182546875001 0.3454034390625 0.588665675 0.3366402109375 0.58271329375 0.33498677187500003 0.572792659375 0.3366402109375 0.567832340625 0.341269840625 0.565476190625 0.3454034390625 0.5639880953125 0.3513558203125 0.5639880953125 0.3609457671875 0.5674603171875 0.3685515875 0.5767609125 0.37830687812499997 0.580233134375 0.3799603171875 0.5855654765625 0.3801256609375 0.588913690625 0.3796296296875 0.5948660718750001 0.3763227515625 0.6001984125 0.3702050265625 0.6021825390625 0.3609457671875
0 0.53447420625 0.27463624375 0.5279017859375 0.2668650796875 0.520709325 0.2638888890625 0.5169890875 0.2635582015625 0.5060763890625 0.26851851875 0.5009920640625001 0.2772817453125 0.5012400796875001 0.2829034390625 0.503472221875 0.29017857187499996 0.5169890875 0.29398148125 0.5260416671875 0.303075396875 0.5297619046875 0.30042989375 0.53720238125 0.28786375625 0.536954365625 0.2825727515625 0.53447420625 0.27463624375
0 0.6028025796875001 0.258597884375 0.6046626984375 0.24950396874999997 0.6041666671875 0.2455357140625 0.6006944437499999 0.23792989375 0.59561011875 0.2331349203125 0.5896577375 0.23082010625 0.5822172625 0.2321428578125 0.576016865625 0.23644179843750002 0.5711805562500001 0.24487433906249997 0.5704365078125 0.252480159375 0.57217261875 0.25975529062499997 0.576512896875 0.265873015625 0.578869046875 0.265707671875 0.588417659375 0.259589946875 0.5948660718750001 0.258597884375 0.601314484375 0.259589946875 0.6028025796875001 0.258597884375
0 0.50049603125 0.278273809375 0.4934275796875 0.26951058125 0.489707340625 0.2668650796875 0.4782986109375 0.26653439218749997 0.4713541671875 0.271164021875 0.46800595312500004 0.2772817453125 0.4677579359375 0.283895503125 0.46875 0.28720238125 0.4718501984375 0.290674603125 0.48028273749999995 0.29497354531250003 0.48648313437499996 0.3022486765625 0.490575396875 0.302414021875 0.49665178593750003 0.2956349203125 0.5014880953125 0.2921626984375 0.502728175 0.28786375625 0.50049603125 0.278273809375
0 0.56572420625 0.2984457671875 0.558159721875 0.2896825390625 0.5534474203124999 0.2870370375 0.5472470234375 0.2860449734375 0.53856646875 0.28802910000000004 0.5302579359374999 0.29877645468749997 0.5297619046875 0.3070436515625 0.530505953125 0.3133267203125 0.53174603125 0.3166335984375 0.5373263890625 0.322420634375 0.5435267859375 0.325396825 0.549355159375 0.3258928578125 0.5569196421875 0.322420634375 0.562748015625 0.316302909375 0.5662202375 0.308697090625 0.56572420625 0.2984457671875
0 0.6103670640625001 0.43832672031250003 0.6078869046875 0.428406084375 0.601314484375 0.41931216875 0.595362103125 0.41468253906249997 0.5844494046875 0.4136904765625 0.5804811515625 0.415013228125 0.5726686515625 0.42245370312499997 0.5689484125 0.434358465625 0.5691964281249999 0.440641534375 0.5713045640625001 0.4500661375 0.5794890875 0.4546957671875 0.5890376984375 0.4637896828125 0.5961061515625 0.4632936515625 0.6055307546875001 0.45601851875 0.609375 0.44857804218749997 0.6103670640625001 0.43832672031250003
0 0.44915674531249994 0.32225529062499997 0.44965277812500004 0.3133267203125 0.44308035781250005 0.302910053125 0.4343998015625 0.2982804234375 0.426711309375 0.2986111109375 0.42001488125 0.302579365625 0.415674603125 0.308697090625 0.41344246093750003 0.3146494703125 0.4136904765625 0.3239087296875 0.4154265875 0.328207671875 0.41976686562500004 0.333664021875 0.42410714218749995 0.3361441796875 0.427207340625 0.334656084375 0.429935515625 0.33002645468749997 0.432415675 0.328042328125 0.44915674531249994 0.32225529062499997
0 0.48102678593750003 0.38161375625 0.48387896875 0.377480159375 0.48834325468750006 0.36623677187500003 0.48883928593750003 0.3556547625 0.486855159375 0.3516865078125 0.4812748015625 0.34722222187499996 0.47457837343750003 0.346230159375 0.46688988125 0.3485449734375 0.4619295640625 0.35251322812499997 0.45659722187499996 0.359953703125 0.45386904687499996 0.3698743390625 0.45386904687499996 0.37549603125000003 0.45535714218749995 0.3824404765625 0.45746527812500004 0.384259259375 0.4595734125 0.384093915625 0.4656498015625 0.38194444375000003 0.47234622968749995 0.38194444375000003 0.47854662656249997 0.383597884375 0.48102678593750003 0.38161375625
