0 0.3526721109375 0.5255538484375 0.3457276671875 0.528939265625 0.3438758140625 0.533626765625 0.3489684078125 0.537533015625 0.356838778125 0.53779343125 0.3642461859375 0.53466843125 0.3660980375 0.52998093125 0.362857296875 0.5265955156250001 0.3526721109375 0.5255538484375
0 0.4459768171875 0.558206690625 0.4367175578125 0.5587275234375 0.43069903906249996 0.5626337734375 0.4316249640625 0.5673212734375 0.44181014999999996 0.5704462734375 0.4486377359375 0.5696451171875 0.45292126093749996 0.565237940625 0.4519953359375 0.5605504406249999 0.4459768171875 0.558206690625
0 0.32525036875 0.704720503125 0.31923185 0.707064253125 0.316454071875 0.7138350859375 0.3206207390625 0.7177413359375 0.3294170359375 0.7185225859375 0.3358985171875 0.7159184187500001 0.33867629374999997 0.710189253125 0.3326577765625 0.7052413359374999 0.32525036875 0.704720503125
0 0.34975219687500003 0.5705863078125 0.342807753125 0.5734508921875 0.3409559015625 0.5781383921875001 0.34604849375 0.5820446421875001 0.3520670125 0.5828258921875 0.3604003453125 0.580221725 0.362252196875 0.5744925578125 0.35715960468749997 0.5711071421875 0.34975219687500003 0.5705863078125
0 0.4187689296875 0.6972679265624999 0.4146022625 0.700132509375 0.4155281890625 0.704820009375 0.4266393 0.70846584375 0.435898559375 0.7058616765625 0.4368244859375 0.700132509375 0.42895411406250006 0.69674709375 0.4187689296875 0.6972679265624999
0 0.43507951875 0.5242321296875 0.429061 0.5270967125 0.4272091484375 0.5312633796874999 0.432301740625 0.5356904625000001 0.44017211093749997 0.5364717125 0.4457276671875 0.5349092125 0.44850544374999995 0.529180046875 0.4434128515625 0.5247529625 0.43507951875 0.5242321296875
0 0.4246805203125 0.6847679015625 0.41866200156250005 0.68815331875 0.4177360765625 0.6923199859375 0.42282866874999997 0.6967470687499999 0.43255089062499996 0.69752831875 0.4399582984375 0.6928408187499999 0.4399582984375 0.6886741515625 0.43116200156250006 0.68424706875 0.4246805203125 0.6847679015625
0 0.42368283125 0.7303212015625 0.4167383875 0.73370661875 0.4167383875 0.73995661875 0.42183097968750005 0.7428212015625 0.4306272765625 0.74308161875 0.43525690624999996 0.74151911875 0.4380346828125 0.73526911875 0.4301643125 0.7303212015625 0.42368283125 0.7303212015625
0 0.33621934375 0.67463255625 0.3292748984375 0.67697630625 0.326497121875 0.68322630625 0.33251563906250003 0.687653390625 0.3413119359375 0.68791380625 0.34964526875 0.68322630625 0.34871934375 0.679059640625 0.3436267515625 0.6756742234375 0.33621934375 0.67463255625
0 0.3469026984375 0.6162193953124999 0.338106403125 0.6216881453124999 0.339032328125 0.6258548109375 0.3459767734375 0.629240228125 0.35384714375000004 0.6289798109375 0.360328625 0.625333978125 0.360328625 0.6201256453124999 0.35616195781250004 0.6172610609375 0.3469026984375 0.6162193953124999
0 0.437429540625 0.571548128125 0.4295591703125 0.575454378125 0.42863324374999995 0.5791002109375001 0.4346517625 0.58352729375 0.44437398593750005 0.5837877109375 0.45178139218749996 0.5791002109375001 0.4508554671875 0.57493354375 0.4450759421875 0.5714916484375 0.437429540625 0.571548128125
0 0.42354069531249994 0.60876680625 0.41289254687500004 0.6121522234375 0.4110406953125 0.6178813890625 0.41705921406249996 0.6217876390625 0.42400365781250005 0.6225688890625001 0.431411065625 0.6194438890625 0.43326291718750004 0.6142355562499999 0.4304851390625 0.6105897234375 0.42354069531249994 0.60876680625
0 0.34042121718749996 0.6407784140625 0.33347677343750004 0.64416383125 0.332550846875 0.64885133125 0.33949529218749996 0.6537992484374999 0.3482915875 0.6540596640625 0.35384714375000004 0.6514554984375 0.35477306875000003 0.6452054984375 0.3469026984375 0.6407784140625 0.34042121718749996 0.6407784140625
0 0.317771240625 0.7232703109374999 0.31267864843750004 0.7266557265625 0.31360457343750003 0.7334265609374999 0.32054901875 0.73629114375 0.3284193890625 0.7360307265625 0.3349008703125 0.73238489375 0.3349008703125 0.7266557265625 0.3270305 0.7227494765625 0.317771240625 0.7232703109374999
