0 0.3290105625 0.669582903125 0.3211401921875 0.6740099859375001 0.3211401921875 0.679739153125 0.3280846359375 0.6831245703125 0.3368809328125 0.6828641531249999 0.3433624140625 0.6792183203125 0.3433624140625 0.6729683203125 0.33641796875 0.669582903125 0.3290105625 0.669582903125
0 0.41686425156249995 0.700031946875 0.40899388124999997 0.7034173640625 0.407142028125 0.7075840296875 0.412234621875 0.7135736140625 0.4210309171875 0.714875696875 0.42936425156249997 0.711750696875 0.4302901765625 0.7060215296875 0.42820100781250003 0.7000192875 0.41686425156249995 0.700031946875
0 0.32452940468749997 0.7158230718749999 0.3175704515625 0.7164583437500001 0.3147926734375 0.7232291765625 0.3217371171875 0.7292187609375 0.3305334140625 0.72895834375 0.3370148953125 0.7253125109375 0.337940821875 0.71802084375 0.3317761859375 0.715531875 0.32452940468749997 0.7158230718749999
0 0.4158803390625 0.7146731546875 0.40800996874999995 0.7185794046875 0.40800996874999995 0.7237877375 0.4140284875 0.728214821875 0.4246766359375 0.7284752375 0.43023219218750003 0.725871071875 0.43115811718749997 0.7185794046875 0.42421367343750005 0.714152321875 0.4158803390625 0.7146731546875
0 0.41380419843749994 0.6669328 0.40778568125000003 0.66927655 0.405007903125 0.674484884375 0.41102642187500005 0.6804744671875 0.41797086562499997 0.6812557171875 0.424452346875 0.6791723843749999 0.427230125 0.672922384375 0.4221375328125 0.6679744671875001 0.41380419843749994 0.6669328
0 0.31429284218750003 0.7670971093750001 0.31506343124999997 0.7733831140625 0.322384153125 0.77555070625 0.33201667343749997 0.776417746875 0.33641089687500003 0.7716273499999999 0.33548497187500004 0.76693985 0.3304754640625 0.7625451515624999 0.32020719375 0.764075265625 0.31429284218750003 0.7670971093750001
0 0.38446603125 0.7652947109375 0.38492899375 0.7676384609375 0.3887928015625 0.7710846453125 0.3949576375 0.7741192796874999 0.4042048359375 0.7732522390625001 0.4085401046875 0.76737804375 0.40761417812499995 0.76269054375 0.3960401046875 0.7593051281250001 0.38955862343750003 0.760867628125 0.38446603125 0.7652947109375
0 0.3130531578125 0.788921434375 0.3061087140625 0.79386935 0.3061087140625 0.7995985171875 0.313979084375 0.804546434375 0.32277538125 0.8042860171875 0.32925686249999997 0.8011610171875001 0.33110871406250003 0.79386935 0.32323834375 0.788921434375 0.3130531578125 0.788921434375
0 0.304744934375 0.8238780374999999 0.30141328125 0.8300433875 0.3040014140625 0.8349938124999999 0.3122834734375 0.8373234374999999 0.3218745640625 0.8355967874999999 0.3246523421875 0.8324717875 0.3218745640625 0.825180121875 0.3158560453125 0.822836371875 0.304744934375 0.8238780374999999
0 0.39862121093749997 0.8372248640625 0.3929273265625 0.841884090625 0.3929808 0.8471570328125001 0.40412257343749997 0.8505344828125001 0.41489889687500003 0.849018884375 0.415203021875 0.8419486984375 0.41415001093750003 0.8392632687500001 0.40638561093750003 0.8372248640625 0.39862121093749997 0.8372248640625
0 0.2917840390625 0.8612408953124999 0.2857655203125 0.8656679796875 0.28669144687500003 0.8724388125000001 0.2963868890625 0.8755168578125 0.306135890625 0.8729596453124999 0.30891366875 0.8703554796875 0.30706181718750003 0.8625429796875 0.300117371875 0.8601992296875001 0.2917840390625 0.8612408953124999
0 0.3961706796875 0.8489015953125 0.3892262359375 0.8559328453124999 0.39709660625 0.8624432625 0.40404105 0.8632245125000001 0.41144845781250006 0.8606203453125 0.413300309375 0.8528078453125 0.40820771718750004 0.8494224296875 0.3961706796875 0.8489015953125
0 0.295375078125 0.8761662796874999 0.288430634375 0.879551696875 0.288430634375 0.887364196875 0.29444915312500003 0.8907496125 0.3032454484375 0.890489196875 0.31065285625 0.885801696875 0.3115787828125 0.8805933625 0.3064861890625 0.8766871125 0.295375078125 0.8761662796874999
0 0.3990240875 0.8846669890625 0.396246309375 0.888312821875 0.3985611234375 0.8943024062499999 0.4073947109375 0.8968903750000001 0.41846853125 0.8940419890625 0.41939445781250007 0.886750321875 0.41337593906250003 0.882844071875 0.40504260625 0.8823232390625 0.3990240875 0.8846669890625
