0 0.3151922453125 0.7190121671874999 0.307321875 0.7234392515625 0.307321875 0.7291684171874999 0.31426631875 0.732553834375 0.323062615625 0.7322934171875 0.32954409687499997 0.728647584375 0.32954409687499997 0.722397584375 0.322599653125 0.7190121671874999 0.3151922453125 0.7190121671874999
0 0.40608797812499997 0.7508047921875 0.39821760781250004 0.754190209375 0.39636575625 0.758356875 0.40145834843749995 0.764346459375 0.4102546453125 0.7656485421875 0.418587978125 0.7625235421875 0.4195139046875 0.756794375 0.4134953859375 0.751846459375 0.40608797812499997 0.7508047921875
0 0.31496544531250004 0.765269759375 0.3080064921875 0.76590503125 0.30522871406249996 0.7726758640625 0.3121731578125 0.7786654484375 0.32096945468750004 0.7784050312499999 0.3274509359375 0.7747591984375 0.3283768625 0.76746753125 0.3222122265625 0.7649785625 0.31496544531250004 0.765269759375
0 0.4044305078125 0.7650670828125 0.39656013749999997 0.7689733328125 0.39656013749999997 0.774181665625 0.40257865625000006 0.7786087484374999 0.41322680468749995 0.778869165625 0.4187823609375 0.7762649984375 0.4197082859375 0.7689733328125 0.4127638421875 0.7645462484375 0.4044305078125 0.7650670828125
0 0.4015731359375 0.7173261281250001 0.3955546171875 0.719669878125 0.3927768390625 0.7248782109375 0.3987953578125 0.73086779375 0.4057398015625 0.73164904375 0.4122212828125 0.7295657109375 0.4149990609375 0.7233157109375 0.40990646875000003 0.7183677937499999 0.4015731359375 0.7173261281250001
0 0.3035165171875 0.8197644703125 0.3042871078125 0.8260504765625001 0.3116078296875 0.82821806875 0.32124035 0.829085109375 0.3256345734375 0.8242947109375001 0.324708646875 0.8196072109375001 0.319699140625 0.8152125124999999 0.30943086875 0.816742628125 0.3035165171875 0.8197644703125
0 0.37368981093750003 0.820235478125 0.3741527734375 0.822579228125 0.3780165796875 0.8260254125 0.3841814171875 0.8290600453125 0.39342861406249996 0.82819300625 0.397763884375 0.8223188109375 0.3968379578125 0.8176313109375 0.385263884375 0.8142458953125 0.378782403125 0.8158083953125 0.37368981093750003 0.820235478125
0 0.3022768859375 0.84196775 0.295332440625 0.846915665625 0.295332440625 0.8526448328124999 0.3032028109375 0.85759275 0.3119991078125 0.8573323328125 0.3184805890625 0.8542073328124999 0.320332440625 0.846915665625 0.3124620703125 0.84196775 0.3022768859375 0.84196775
0 0.29396866093749996 0.8780610703124999 0.29063700937500003 0.8842264203125 0.2932251421875 0.8891768453125 0.3015072 0.8915064703125 0.311098290625 0.8897798203124999 0.31387606875 0.8866548203125 0.311098290625 0.879363153125 0.305079771875 0.877019403125 0.29396866093749996 0.8780610703124999
0 0.39053896718750003 0.8917867203125001 0.38484508281249996 0.896445946875 0.38489855624999997 0.9017188890625001 0.3939042234375 0.9036725921875 0.4024911484375 0.9022397218749999 0.407120778125 0.8965105546875 0.40606776718750004 0.893825125 0.3983033671875 0.8917867203125001 0.39053896718750003 0.8917867203125001
0 0.2870694359375 0.9158027531249999 0.2810509171875 0.9202298359375 0.2819768421875 0.9270006687500001 0.2916722859375 0.9300787140625 0.3014212875 0.9275215031249999 0.30419906406249997 0.9249173359375 0.3023472125 0.9171048359375 0.29540276875 0.9147610859374999 0.2870694359375 0.9158027531249999
0 0.386741421875 0.9042212734374999 0.379796978125 0.9112525234375 0.3876673484375 0.9177629406250001 0.3946117921875 0.918544190625 0.40201919999999997 0.9159400234374999 0.40387105156249997 0.9081275234374999 0.398778459375 0.90474210625 0.386741421875 0.9042212734374999
0 0.28796634375 0.928833640625 0.28102189843750003 0.9322190578124999 0.28102189843750003 0.9400315578124999 0.2870404171875 0.9434169750000001 0.2958367140625 0.9431565578125 0.303244121875 0.9384690578124999 0.30417004687500004 0.933260725 0.2990774546875 0.929354475 0.28796634375 0.928833640625
0 0.3916153515625 0.9399866515624999 0.3888375734375 0.9436324859375 0.3911523890625 0.9496220687499999 0.3999859765625 0.9522100390625001 0.41105979687499994 0.9493616515625 0.411985721875 0.9420699859375 0.405967203125 0.9381637359375 0.3976338703125 0.9376429015625 0.3916153515625 0.9399866515624999
