0 0.4014748734375 0.25939663125 0.3905563390625 0.2627920640625 0.3887044875 0.2674795640625 0.39379708125 0.2713858140625 0.40166745156249994 0.27164623125 0.40907485781249997 0.26852123125 0.4109267109375 0.26383373125 0.40768596874999996 0.2604483140625 0.4014748734375 0.25939663125
0 0.489037553125 0.28058285625 0.47977829375000003 0.281103690625 0.473759775 0.285009940625 0.4746857015625 0.289697440625 0.4848708859375 0.292822440625 0.49169847187500004 0.29202128437499997 0.495981996875 0.28761410625 0.495056071875 0.28292660625 0.489037553125 0.28058285625
0 0.3774489671875 0.42194515624999995 0.3714304484375 0.42428890625 0.368652671875 0.43105973906250006 0.3728193375 0.43496598906250006 0.381615634375 0.4357472390625 0.38809711562500004 0.433143071875 0.39087489375 0.42741390625 0.384856375 0.42246598906250005 0.3774489671875 0.42194515624999995
0 0.396251759375 0.2966900703125 0.38930731406249997 0.299554653125 0.3874554625 0.304242153125 0.39254805625 0.308148403125 0.3985665734375 0.308929653125 0.40689990781249996 0.3063254875 0.4092312640625 0.3016379640625 0.40365916718749995 0.297210903125 0.396251759375 0.2966900703125
0 0.4647179921875 0.4096508109375 0.46055132656250003 0.41251539375 0.46147725156249997 0.41720289375 0.47258836249999997 0.4208487265625 0.48184762187499997 0.41824456093749995 0.48277354843750003 0.41251539375 0.47490317812500005 0.4091299765625 0.4647179921875 0.4096508109375
0 0.47876819375 0.2507108671875 0.47274967500000004 0.25357545 0.47089782343750003 0.2577421171875 0.475990415625 0.2621692 0.48386078593750004 0.26295045 0.48941634218749996 0.26138795 0.49219411874999996 0.2556587828125 0.4871015265625 0.2512317 0.47876819375 0.2507108671875
0 0.47062958281249995 0.3984331671875 0.4646110640625 0.40181858281249994 0.4636851375 0.40598524999999996 0.46877773125 0.41041233281249995 0.47849995312500004 0.41119358281249996 0.4859073609375 0.40650608281249995 0.4859073609375 0.4023394171875 0.47711106406250003 0.3979123328125 0.47062958281249995 0.3984331671875
0 0.47132217499999995 0.4519799875 0.46437773125000004 0.4553654046875 0.46437773125000004 0.46161540468749995 0.4694703234375 0.4644799875 0.47826661875000004 0.4647404046875 0.4828962484375 0.4631779046875 0.48567402656249997 0.4569279046875 0.47780365625 0.4519799875 0.47132217499999995 0.4519799875
0 0.3872974671875 0.3937917578125 0.3803530234375 0.3961355078125 0.3775752453125 0.4023855078125 0.3835937640625 0.40681259062499997 0.3923900609375 0.4070730078125 0.40072339375 0.4023855078125 0.39979746718750003 0.398218840625 0.394704875 0.39483342499999996 0.3872974671875 0.3937917578125
0 0.395092628125 0.3392259453125 0.38629633281250003 0.34469469531249997 0.3872222578125 0.3488613625 0.394166703125 0.352246778125 0.40203707343749995 0.35198636250000004 0.4085185546875 0.348340528125 0.4085185546875 0.3431321953125 0.4043518875 0.34026761250000004 0.395092628125 0.3392259453125
0 0.482827975 0.3034011015625 0.47495760468750003 0.3073073515625 0.47403167812499997 0.3109531859375 0.480050196875 0.31538026874999997 0.48977241875 0.3156406859375 0.4971798265625 0.3109531859375 0.49625390156250004 0.30678651874999996 0.4904743765625 0.3033446234375 0.482827975 0.3034011015625
0 0.474618775 0.3291648609375 0.4639706265625 0.332550278125 0.462118775 0.33827944374999996 0.46813729375 0.34218569374999996 0.47508173749999993 0.34296694375 0.4824891453125 0.33984194375 0.484340996875 0.3346336109375 0.48156321875 0.330987778125 0.474618775 0.3291648609375
0 0.39149934218750004 0.3637195953125 0.3845548984375 0.3671050109375 0.383628971875 0.3717925109375 0.3905734171875 0.376740428125 0.39936971250000003 0.3770008453125 0.40492526875 0.374396678125 0.40585119374999995 0.368146678125 0.3979808234375 0.3637195953125 0.39149934218750004 0.3637195953125
0 0.3722881890625 0.44616795 0.367195596875 0.4495533671875 0.36812152187499997 0.45632419999999996 0.37506596718749996 0.45918878437500005 0.3829363375 0.4589283671875 0.38941781875000003 0.45528253437500005 0.38941781875000003 0.4495533671875 0.3815474484375 0.4456471171875 0.3722881890625 0.44616795
