0 0.357801215625 0.49637840468750005 0.35085677187500003 0.49976382187499996 0.34900491875 0.504451321875 0.3540975125 0.508357571875 0.36196788281250003 0.5086179890625 0.3693752890625 0.5054929890625 0.3712271421875 0.5008054890625 0.3679864015625 0.497420071875 0.357801215625 0.49637840468750005
0 0.4505359875 0.52646636875 0.44127672812499996 0.526987203125 0.435258209375 0.530893453125 0.4361841359375 0.535580953125 0.4463693203125 0.538705953125 0.45319690625 0.537904796875 0.45748043125000004 0.53349761875 0.45655450625 0.52881011875 0.4505359875 0.52646636875
0 0.3309493640625 0.67105650625 0.3249308453125 0.67340025625 0.32215306718750003 0.680171090625 0.326319734375 0.684077340625 0.33511603125 0.684858590625 0.34159751250000003 0.6822544234375 0.3443752890625 0.6765252562499999 0.338356771875 0.6715773406250001 0.3309493640625 0.67105650625
0 0.3543113671875 0.540449034375 0.3473669234375 0.5433136171874999 0.345515071875 0.5480011171875 0.3506076640625 0.5519073671875 0.3566261828125 0.5526886171875 0.364959515625 0.5500844500000001 0.3668113671875 0.544355284375 0.361718775 0.5409698671875 0.3543113671875 0.540449034375
0 0.42161842812500006 0.66648944375 0.4174517609375 0.6693540265625 0.41837768750000004 0.6740415265624999 0.42948879843750004 0.6776873609375 0.43874805781250004 0.67508319375 0.4396739828125 0.6693540265625 0.4318036125 0.6659686109375 0.42161842812500006 0.66648944375
0 0.4396387328125 0.4950566921875 0.43362021406249995 0.4979212765625 0.4317683625 0.5020879421875 0.43686095468749997 0.5065150265625 0.44473132499999996 0.5072962765625 0.45028688125 0.5057337765625001 0.45306465781250005 0.500004609375 0.44797206562499997 0.49557752656250004 0.4396387328125 0.4950566921875
0 0.42923969062499995 0.6539893953125 0.423221171875 0.6573748109374999 0.422295246875 0.661541478125 0.4273878390625 0.6659685609375 0.43711006093749993 0.6667498109375 0.44451746875 0.6620623109375 0.44451746875 0.6578956453125 0.43572117187500004 0.6534685609374999 0.42923969062499995 0.6539893953125
0 0.4271022203125 0.6979396484375 0.42015777656250003 0.7013250640625001 0.42015777656250003 0.7075750640625 0.42525036875 0.7104396484375 0.43404666406250003 0.7107000640625001 0.43867629375000006 0.7091375640625001 0.44145407187499996 0.7028875640625001 0.4335837015625 0.6979396484375 0.4271022203125 0.6979396484375
0 0.34077851406250004 0.6422510031249999 0.33383406875 0.644594753125 0.3310562921875 0.650844753125 0.3370748109375 0.6552718359374999 0.34587110625 0.655532253125 0.3542044390625 0.650844753125 0.3532785140625 0.6466780859375 0.34818592187499997 0.6432926703125 0.34077851406250004 0.6422510031249999
0 0.3520318046875 0.5847996906249999 0.3432355078125 0.590268440625 0.344161434375 0.5944351078125 0.351105878125 0.5978205234375 0.3589762484375 0.5975601078125 0.36545773125 0.5939142734375 0.36545773125 0.5887059406249999 0.3612910640625 0.5858413578125 0.3520318046875 0.5847996906249999
0 0.443698428125 0.5420520859375 0.4358280578125 0.5459583359375 0.43490213125 0.5496041703125 0.44092064999999997 0.554031253125 0.45064287187499996 0.5542916703125 0.4580502796875 0.5496041703125 0.45712435312500005 0.545437503125 0.45134482968749995 0.5419956078125 0.443698428125 0.5420520859375
0 0.42980953906249997 0.5802325781250001 0.41916139062499996 0.5836179953125 0.4173095390625 0.5893471609375001 0.4233280578125 0.5932534109375001 0.43027250156249996 0.5940346609375 0.437679909375 0.5909096609375 0.43953176093749996 0.5857013281250001 0.43675398281250005 0.5820554953125 0.42980953906249997 0.5802325781250001
0 0.34612021406250004 0.6112823734374999 0.33917576875 0.614667790625 0.33824984375 0.6193552906249999 0.3451942875 0.62430320625 0.35399058437500003 0.6245636234374999 0.3595461390625 0.62195945625 0.360472065625 0.6157094562500001 0.3526016953125 0.6112823734374999 0.34612021406250004 0.6112823734374999
0 0.3246100609375 0.69088878125 0.31951746875000003 0.6942741984375 0.32044339375 0.70104503125 0.3273878390625 0.7039096140625001 0.335258209375 0.7036491984375 0.341739690625 0.7000033640625001 0.341739690625 0.6942741984375 0.3338693203125 0.6903679484375 0.3246100609375 0.69088878125
