0 0.37697914843749997 0.38701602031250004 0.36852369218750003 0.391077315625 0.36667184062499997 0.395764815625 0.3717644328125 0.399671065625 0.379634803125 0.39993148125 0.3870422109375 0.39680648125 0.3888940625 0.39211898125 0.385653321875 0.388733565625 0.37697914843749997 0.38701602031250004
0 0.467062996875 0.41553556093750005 0.45780373750000003 0.4160563953125 0.45178521875 0.4199626453125 0.4527111453125 0.4246501453125 0.46289633124999996 0.4277751453125 0.4697239140625 0.4269739890625 0.47400744218749996 0.42256681093750004 0.473081515625 0.4178793109375 0.467062996875 0.41553556093750005
0 0.35146578281249996 0.5601257359375 0.34544726406250004 0.5624694859375 0.3426694875 0.56924031875 0.346836153125 0.57314656875 0.35563245 0.57392781875 0.36211393125 0.571323653125 0.36489170937500004 0.5655944859375001 0.358873190625 0.56064656875 0.35146578281249996 0.5601257359375
0 0.37254813750000004 0.42791521093749996 0.3656036921875 0.43077979375000003 0.363751840625 0.43546729375000004 0.3688444328125 0.43937354375000004 0.3748629515625 0.44015479375 0.3831962859375 0.4375506265625 0.3855276421875 0.43286310468750006 0.37995554375 0.42843604375 0.37254813750000004 0.42791521093749996
0 0.4427047375 0.5475434046875 0.43853807187499994 0.5504079875000001 0.439463996875 0.5550954875 0.4505751078125 0.5587413203125 0.4598343671875 0.5561371546875 0.46076029375000005 0.5504079875000001 0.4528899234375 0.5470225703125 0.4427047375 0.5475434046875
0 0.4561657421875 0.3805991578125 0.4501472234375 0.383463740625 0.448295371875 0.3876304078125 0.4533879640625 0.392057490625 0.46125833437499997 0.392838740625 0.46681388906250004 0.391276240625 0.46959166718749995 0.3855470734375 0.464499075 0.381119990625 0.4561657421875 0.3805991578125
0 0.4497561109375 0.5347227140624999 0.4437375921875 0.53810813125 0.442811665625 0.5422747984375 0.4479042578125 0.54670188125 0.45762648125 0.54748313125 0.4650338875 0.54279563125 0.4650338875 0.5386289640624999 0.4562375921875 0.53420188125 0.4497561109375 0.5347227140624999
0 0.4516078765625 0.58444399375 0.44466343124999996 0.5878294093750001 0.44466343124999996 0.594079409375 0.44975602343750004 0.59694399375 0.4585523203125 0.597204409375 0.46318194999999995 0.5956419093750001 0.465959728125 0.589391909375 0.4580893578125 0.58444399375 0.4516078765625 0.58444399375
0 0.364714321875 0.52747290625 0.357769878125 0.52981665625 0.3549921 0.5360666562499999 0.36101061875 0.5404937390625 0.3698069140625 0.54075415625 0.3781402484375 0.5360666562499999 0.37721432187500004 0.5318999890625 0.3721217296875 0.5285145734375 0.364714321875 0.52747290625
0 0.3714083984375 0.47098341875000005 0.3626121015625 0.47645216875 0.36353802812499997 0.4806188359375 0.370482471875 0.4840042515625 0.3783528421875 0.4837438359375 0.3848343234375 0.4800980015625 0.3848343234375 0.47488966875000005 0.3806676578125 0.4720250859375 0.3714083984375 0.47098341875000005
0 0.460795371875 0.43176253593749997 0.45292500156250004 0.43566878593749997 0.451999075 0.43931461875 0.45801759375 0.443741703125 0.467739815625 0.44400211875 0.4751472234375 0.43931461875 0.474221296875 0.435147953125 0.4684417734375 0.4317060578125 0.460795371875 0.43176253593749997
0 0.4486162421875 0.460004096875 0.43796809375 0.46338951406250006 0.4361162421875 0.4691186796875 0.44213476093750004 0.4730249296875 0.44907920468749996 0.4738061796875 0.4564866125 0.4706811796875 0.4583384640625 0.465472846875 0.4555606859375 0.46182701406250004 0.4486162421875 0.460004096875
0 0.3660666984375 0.4945805890625 0.35912225468750003 0.49796600625 0.358196328125 0.5026535062499999 0.3651407734375 0.5076014234375 0.37393706875 0.5078618390625 0.37949262500000003 0.5052576734375 0.3804185515625 0.4990076734375 0.37254818125 0.4945805890625 0.3660666984375 0.4945805890625
0 0.347975978125 0.5757900796875 0.3428833859375 0.579175496875 0.3438093125 0.5859463296875 0.35075375625 0.5888109125 0.3586241265625 0.588550496875 0.3651056078125 0.5849046625 0.3651056078125 0.579175496875 0.35723523749999997 0.575269246875 0.347975978125 0.5757900796875
