0 0.39065679062499997 0.3174438140625 0.38220133437500003 0.3215051078125 0.3803494828125 0.32619260781250004 0.385442075 0.33009885781250004 0.3933124453125 0.330359275 0.400719853125 0.327234275 0.40257170468750003 0.322546775 0.3993309640625 0.3191613578125 0.39065679062499997 0.3174438140625
0 0.4807405953125 0.341795446875 0.4714813359375 0.3423162796875 0.46546281718750004 0.3462225296875 0.46638874374999995 0.35091002968749996 0.476573928125 0.3540350296875 0.48340151249999996 0.3532338734375 0.4876850390625 0.348826696875 0.48675911406249994 0.344139196875 0.4807405953125 0.341795446875
0 0.36571327187499997 0.4825382828125 0.359694753125 0.4848820328125 0.3569169765625 0.491652865625 0.3610836421875 0.495559115625 0.3698799390625 0.49634036562499995 0.3763614203125 0.49373619843750005 0.3791391984375 0.4880070328125 0.3731206796875 0.483059115625 0.36571327187499997 0.4825382828125
0 0.3873655609375 0.35481628593750003 0.38042111562500003 0.35768086875 0.3785692640625 0.36236836875 0.38366185625 0.36627461875 0.389680375 0.36705586874999996 0.3980137078125 0.3644517015625 0.400345065625 0.3597641796875 0.3947729671875 0.35533711874999996 0.3873655609375 0.35481628593750003
0 0.45524255468749997 0.472520871875 0.45107588749999994 0.4753854546875 0.4520018140625 0.4800729546875 0.463112925 0.48371878749999997 0.472372184375 0.48111462187500004 0.4732981109375 0.4753854546875 0.4654277390625 0.47200003749999997 0.45524255468749997 0.472520871875
0 0.472122903125 0.308141465625 0.4661043859375 0.3110060484375 0.4642525328125 0.31517271562500004 0.4693451265625 0.31959979843749997 0.477215496875 0.3203810484375 0.4827710515625 0.3188185484375 0.4855488296875 0.3130893828125 0.4804562375 0.3086622984375 0.472122903125 0.308141465625
0 0.4622938828125 0.4609826234375 0.4562753640625 0.464368040625 0.45534943906249997 0.46853470625 0.46044203125000005 0.472961790625 0.470164253125 0.47374304062499994 0.47757166093750003 0.469055540625 0.47757166093750003 0.4648888734375 0.4687753640625 0.460461790625 0.4622938828125 0.4609826234375
0 0.4624359765625 0.5087802156250001 0.45549153125 0.51216563125 0.45549153125 0.51841563125 0.4605841234375 0.521280215625 0.46938042031249994 0.5215406312499999 0.47401004999999996 0.51997813125 0.476787828125 0.5137281312499999 0.4689174578125 0.5087802156250001 0.4624359765625 0.5087802156250001
0 0.3761123140625 0.4530915578125 0.36916786875 0.45543530781249997 0.36639009218749996 0.46168530781249995 0.3724086109375 0.46611239062500004 0.38120490625 0.46637280781249996 0.3895382390625 0.46168530781249995 0.3886123140625 0.45751864062500003 0.383519721875 0.454133225 0.3761123140625 0.4530915578125
0 0.386225778125 0.39724331562500004 0.3774294828125 0.402712065625 0.3783554078125 0.40687873281250003 0.385299853125 0.4102641484375 0.39317022343749997 0.4100037328125 0.3996517046875 0.4063578984375 0.3996517046875 0.40114956562500004 0.39548503749999997 0.3982849828125 0.386225778125 0.39724331562500004
0 0.472763253125 0.358984234375 0.4648928828125 0.362890484375 0.46396695781249997 0.3665363171875 0.4699854765625 0.3709634 0.4797076984375 0.3712238171875 0.48711510625 0.3665363171875 0.4861891796875 0.36236965 0.48040965625 0.3589277546875 0.472763253125 0.358984234375
0 0.464573403125 0.3885082359375 0.45392525624999996 0.391893653125 0.452073403125 0.39762282031249996 0.45809192187500003 0.4015290703125 0.46503636718749997 0.4023103203125 0.4724437734375 0.3991853203125 0.47429562656249996 0.3939769859375 0.47151784843750005 0.390331153125 0.464573403125 0.3885082359375
0 0.3814540125 0.42212287968749995 0.37450956875 0.4255082953125 0.3735836421875 0.4301957953125 0.3805280875 0.43514371250000006 0.38932438281250004 0.4354041296875 0.3948799390625 0.4327999625 0.3958058640625 0.42654996250000005 0.38793549375 0.42212287968749995 0.3814540125 0.42212287968749995
0 0.3610836859375 0.5026911609375 0.35599109375000004 0.506076578125 0.35691701875000004 0.5128474109375001 0.36386146406250003 0.51571199375 0.371731834375 0.515451578125 0.378213315625 0.51180574375 0.378213315625 0.506076578125 0.3703429453125 0.502170328125 0.3610836859375 0.5026911609375
