0 0.3355774125 0.6183364250000001 0.3277070421875 0.622763509375 0.3277070421875 0.6284926750000001 0.3346514875 0.6318780921875 0.3434477828125 0.631617675 0.34992926406249997 0.6279718421875 0.34992926406249997 0.6217218421874999 0.3429848203125 0.6183364250000001 0.3355774125 0.6183364250000001
0 0.4250506203125 0.649529765625 0.41718025000000003 0.6529151828125 0.4153283984375 0.65708185 0.420420990625 0.6630714328125 0.42921728750000004 0.664373515625 0.4375506203125 0.661248515625 0.43847654687500004 0.65551935 0.43655561875000004 0.6518816890625 0.4250506203125 0.649529765625
0 0.3320342421875 0.6608011312500001 0.3250752875 0.661436403125 0.32229751093750003 0.6682072359375 0.3292419546875 0.67419681875 0.3380382515625 0.673936403125 0.3445197328125 0.67029056875 0.3454456578125 0.662998903125 0.3392810234375 0.660509934375 0.3320342421875 0.6608011312500001
0 0.421653403125 0.6631696046875 0.4137830328125 0.6670758546875 0.4137830328125 0.6722841875000001 0.41980155156250004 0.6767112703125 0.43044969999999994 0.6769716875 0.43600525625 0.6743675203125 0.43693118125 0.6670758546875 0.4299867375 0.6626487703125 0.421653403125 0.6631696046875
0 0.4199621234375 0.6153750890625 0.41394360625 0.6177188390625 0.411165828125 0.6229271734374999 0.41718434687499995 0.62891675625 0.42412879062500003 0.62969800625 0.430610271875 0.6276146734375 0.43338805 0.6213646734375 0.42829545781249995 0.61641675625 0.4199621234375 0.6153750890625
0 0.3247323375 0.7129141671875 0.32550292812500004 0.7192001734375 0.33282365 0.7213677656249999 0.342456171875 0.72223480625 0.34685039375 0.717444409375 0.34592446718750003 0.712756909375 0.3409149625 0.7083622093749999 0.3306466890625 0.709892325 0.3247323375 0.7129141671875
0 0.39322167812500003 0.7133310500000001 0.3936846421875 0.7156748 0.3975484484375 0.719120984375 0.4037132859375 0.7221556171875 0.41296048281250003 0.7212885765625 0.417295753125 0.7154143828125 0.41636982656250004 0.7107268828125 0.404795753125 0.707341465625 0.398314271875 0.708903965625 0.39322167812500003 0.7133310500000001
0 0.3243105984375 0.7350901953125 0.3173661546875 0.7400381109375 0.3173661546875 0.745767278125 0.325236525 0.7507151953125 0.334032821875 0.750454778125 0.34051430312500003 0.747329778125 0.3423661546875 0.7400381109375 0.334495784375 0.7350901953125 0.3243105984375 0.7350901953125
0 0.31239419687500003 0.770371740625 0.30906254375 0.776537090625 0.311650678125 0.7814875156250001 0.3199327359375 0.783817140625 0.3295238265625 0.782090490625 0.3323016046875 0.778965490625 0.3295238265625 0.7716738234375 0.3235053078125 0.7693300734374999 0.31239419687500003 0.770371740625
0 0.40776181093749997 0.7804165937499999 0.40206792656249996 0.7850758203125 0.40212139999999996 0.7903487625000001 0.41326317343749996 0.7937262140625 0.42403949843750005 0.792210615625 0.424343621875 0.785140428125 0.4232906109375 0.7824549984375 0.41552621093750003 0.7804165937499999 0.40776181093749997 0.7804165937499999
0 0.303795121875 0.8027276765625 0.297776603125 0.8071547593749999 0.2987025296875 0.81392559375 0.308397971875 0.8170036375 0.3181469734375 0.8144464265625 0.3209247515625 0.8118422593749999 0.3190729 0.8040297593749999 0.31212845625 0.8016860093749999 0.303795121875 0.8027276765625
0 0.404108496875 0.792309946875 0.3971640515625 0.799341196875 0.40503442187500005 0.8058516140625 0.4119788671875 0.8066328640625 0.4193862734375 0.8040286968749999 0.4212381265625 0.796216196875 0.4161455328125 0.79283078125 0.404108496875 0.792309946875
0 0.3029281375 0.8192948937500001 0.2959836921875 0.8226803109375 0.2959836921875 0.8304928109375 0.3020022109375 0.8338782265625 0.3107985078125 0.8336178109375 0.3182059140625 0.8289303109375 0.319131840625 0.8237219765624999 0.3140392484375 0.8198157265624999 0.3029281375 0.8192948937500001
0 0.40696195625 0.8286436343749999 0.40418417812499996 0.83228946875 0.4064989921875 0.8382790515625 0.41533257968750004 0.8408670218750001 0.4264064 0.8380186343749999 0.4273323265625 0.83072696875 0.42131380781249994 0.82682071875 0.4129804734375 0.8262998843749999 0.40696195625 0.8286436343749999
