0 0.5648561515625 0.3865740734375 0.5693204359374999 0.3875661375 0.5787450390625 0.384920634375 0.5837053578125 0.38062169375 0.587549603125 0.3731812171875 0.5882936515625 0.36623677187500003 0.5860615078125 0.35598545000000004 0.5809771828125 0.3501984125 0.576512896875 0.3478835984375 0.5685763890625 0.34821428593750003 0.5636160718750001 0.3501984125 0.5587797625 0.3556547625 0.556795634375 0.3609457671875 0.5555555562500001 0.365906084375 0.556795634375 0.3764880953125 0.5601438484375 0.3829365078125 0.5648561515625 0.3865740734375
0 0.6003224203124999 0.40211640156249995 0.6067708328125 0.397156084375 0.6108630953125 0.39169973593749996 0.612351190625 0.38707010625 0.612103175 0.378141534375 0.609623015625 0.3702050265625 0.6065228171875 0.366402115625 0.600818453125 0.3630952375 0.5931299609375 0.3630952375 0.5887896828125 0.36524470937500003 0.580605159375 0.38475529062499997 0.581101190625 0.3923611109375 0.5879216265625 0.40046296249999996 0.5923859125 0.40211640156249995 0.6003224203124999 0.40211640156249995
0 0.6308283734375 0.46527777812500004 0.6351686515625 0.459490740625 0.637152778125 0.4541997359375 0.638144840625 0.44460978906250004 0.6364087296875 0.43700396875 0.633060515625 0.4322089953125 0.6278521828125 0.4295634921875 0.623387896875 0.4295634921875 0.6140873015625 0.43733465625 0.6108630953125 0.446924603125 0.6138392859375 0.46445105781249996 0.6184275796875001 0.46792327968749997 0.6243799609375 0.46825396875 0.6308283734375 0.46527777812500004
0 0.679439484375 0.3875661375 0.6841517859375 0.3855820109375 0.6887400796875001 0.3814484125 0.6917162703125 0.372189153125 0.6917162703125 0.3635912703125 0.689980159375 0.3556547625 0.6863839281249999 0.3508597890625 0.6816716265625 0.3478835984375 0.6757192453124999 0.3478835984375 0.6695188484375 0.35052910000000004 0.6644345234375 0.3563161375 0.6634424609375 0.36127645468749997 0.666542659375 0.3829365078125 0.6705109125 0.38624338593749996 0.679439484375 0.3875661375
0 0.642237103125 0.521164021875 0.6526537703125 0.51917989375 0.6572420640625001 0.51306216875 0.65947420625 0.5064484125 0.659226190625 0.49785052968750004 0.656994046875 0.491236771875 0.6526537703125 0.48511904687499996 0.6474454359374999 0.48214285781250005 0.638516865625 0.48181216875 0.6354166671875 0.4852843921875 0.6302083328125 0.5074404765625 0.6324404765625 0.5140542328125 0.6372767859375 0.51917989375 0.642237103125 0.521164021875
0 0.6251240078125 0.55026455 0.629340278125 0.547288359375 0.6336805562500001 0.5391865078125 0.634920634375 0.5322420640625001 0.634424603125 0.5243055562500001 0.63095238125 0.5166997359375001 0.6276041671875 0.5135582015625 0.622891865625 0.5115740734374999 0.613715278125 0.5115740734374999 0.6073908734375 0.5176917984375 0.6051587296875 0.5233134921875 0.6039186515625 0.530588625 0.605902778125 0.5391865078125 0.6159474203124999 0.5509259265625001 0.6251240078125 0.55026455
0 0.6281001984375 0.627645503125 0.633060515625 0.6253306875 0.6391369046875 0.6178902109375 0.640873015625 0.61226851875 0.64112103125 0.6046626984375 0.639880953125 0.5990410046875 0.6367807546875001 0.59424603125 0.6281001984375 0.590277778125 0.623387896875 0.5899470906250001 0.6184275796875001 0.5925925921874999 0.61259920625 0.5987103171875 0.609623015625 0.608630953125 0.6103670640625001 0.6168981484375 0.61396329375 0.6226851859375 0.619667659375 0.6266534390625 0.6281001984375 0.627645503125
0 0.7089533734375 0.3449074078125 0.7131696421875 0.3429232796875 0.718005953125 0.33680555624999997 0.7207341265625 0.32853835937500003 0.7207341265625 0.3196097890625 0.718501984375 0.31299603125000003 0.7154017859375 0.3085317453125 0.7099454359374999 0.3048941796875 0.7020089281249999 0.30555555624999997 0.6975446421875 0.3085317453125 0.6939484125 0.3136574078125 0.6919642859375 0.32126322812499997 0.6927083328125 0.33548280468749997 0.695560515625 0.340939153125 0.701512896875 0.3449074078125 0.7089533734375 0.3449074078125
0 0.6278521828125 0.39748677187500003 0.6328125 0.3948412703125 0.637152778125 0.38806216875 0.638144840625 0.3834325390625 0.63740079375 0.3708664015625 0.629836309375 0.360119046875 0.6243799609375 0.3578042328125 0.619667659375 0.358796296875 0.614707340625 0.3611111109375 0.6107390875 0.36607142812500004 0.612847221875 0.38773148125 0.614459325 0.39153439218749997 0.6236359125 0.39748677187500003 0.6278521828125 0.39748677187500003
0 0.5804811515625 0.4454365078125 0.5874255953125 0.4457671953125 0.5936259921875 0.4427910046875 0.596478175 0.4389880953125 0.5992063484375 0.4293981484375 0.5989583328125 0.4234457671875 0.5959821421875 0.41319444375 0.5923859125 0.408730159375 0.586681546875 0.40575396875 0.5752728171875 0.4077380953125 0.5704365078125 0.41319444375 0.5691964281249999 0.41782407343749994 0.568204365625 0.42774470937500003 0.5696924609375 0.434358465625 0.57626488125 0.44345238125 0.5804811515625 0.4454365078125
0 0.626612103125 0.5102513234375 0.6310763890625 0.50628306875 0.6351686515625 0.4988425921875 0.6359126984375 0.48660714218749995 0.6341765875 0.481646825 0.630332340625 0.47585978906250004 0.6238839281249999 0.47222222187499996 0.6186755953125 0.471560846875 0.61123511875 0.47453703750000004 0.6078869046875 0.478339946875 0.6046626984375 0.48726851875 0.6041666671875 0.4918981484375 0.60615079375 0.5018187828125 0.613715278125 0.5102513234375 0.626612103125 0.5102513234375
0 0.7092013890625 0.58101851875 0.7126736109375 0.578373015625 0.716269840625 0.5729166671875 0.718005953125 0.565641534375 0.7172619046875 0.5543981484375 0.715277778125 0.55009920625 0.7109375 0.5456349203124999 0.705233134375 0.54398148125 0.698288690625 0.5449735453125 0.6935763890625 0.5489417984375 0.6914682546875001 0.5540674609375 0.6919642859375 0.57523148125 0.698040675 0.58101851875 0.7020089281249999 0.5830026453125 0.7092013890625 0.58101851875
0 0.678943453125 0.4272486765625 0.68291170625 0.4242724875 0.689980159375 0.41319444375 0.690476190625 0.4065806875 0.6889880953125 0.3986441796875 0.6848958328125 0.3928571421875 0.6786954359374999 0.3882275125 0.6719990078125 0.387896825 0.6657986109375 0.390873015625 0.6602182546875001 0.396990740625 0.6582341265625 0.4012896828125 0.65947420625 0.41848545000000004 0.6630704359374999 0.42394179843749996 0.66728670625 0.4269179890625 0.678943453125 0.4272486765625
0 0.6556299609375 0.3948412703125 0.6612103171875 0.38971560781250003 0.6649305562500001 0.38177910000000004 0.6651785718750001 0.3668981484375 0.6626984125 0.36028439218749997 0.6591021828125 0.35648148125 0.651165675 0.353835978125 0.6402529765625 0.3614417984375 0.63740079375 0.36524470937500003 0.6386408734375 0.38740079375 0.6432291671875 0.39318783125 0.651165675 0.3958333328125 0.6556299609375 0.3948412703125
0 0.7030009921875 0.4923941796875 0.7094494046875 0.4874338625 0.71279761875 0.481646825 0.7145337296875 0.47437169375000005 0.7140376984375 0.46544312187500003 0.7103174609375 0.4578373015625 0.7069692453124999 0.45502645468749997 0.6938244046875 0.4546957671875 0.690228175 0.4581679890625 0.685019840625 0.478009259375 0.684771825 0.481646825 0.6898561515625 0.4897486765625 0.695064484375 0.49272486718749997 0.7030009921875 0.4923941796875
0 0.6350446421875 0.3611111109375 0.642237103125 0.36044973593749996 0.6504216265625 0.3551587296875 0.6542658734375 0.3454034390625 0.6542658734375 0.33945105781249996 0.650545634375 0.3301917984375 0.6469494046875 0.3263888890625 0.6409970234375 0.3240740734375 0.632564484375 0.325396825 0.62686011875 0.32903439218749997 0.6232638890625 0.334490740625 0.621527778125 0.3420965609375 0.6212797625 0.3454034390625 0.6235119046875 0.353670634375 0.6276041671875 0.3578042328125 0.6350446421875 0.3611111109375
0 0.6060267859375 0.4328703703125 0.6156994046875 0.434854496875 0.622891865625 0.4292328046875 0.6272321421875 0.422123015625 0.62822420625 0.4141865078125 0.627480159375 0.40625 0.6230158734375 0.397652115625 0.6184275796875001 0.39351851875 0.6119791671875 0.39252645468749997 0.6090029765625 0.39384920625 0.5995783734375 0.40277777812500004 0.5974702375 0.4075727515625 0.59697420625 0.4141865078125 0.59970238125 0.42609127031250005 0.60205853125 0.43022486718749997 0.6060267859375 0.4328703703125
0 0.5926339281249999 0.48115079375 0.6003224203124999 0.48115079375 0.6062748015625 0.477513228125 0.609623015625 0.47271825468750006 0.611855159375 0.46544312187500003 0.612351190625 0.459821428125 0.6106150796875001 0.4515542328125 0.6067708328125 0.446428571875 0.600818453125 0.4424603171875 0.595858134375 0.44146825468750006 0.586185515625 0.446428571875 0.5823412703125 0.45519179843749996 0.5823412703125 0.46643518593750005 0.583829365625 0.471726190625 0.5881696421875 0.478174603125 0.5926339281249999 0.48115079375
0 0.5961061515625 0.5800264546875 0.6035466265625 0.58068783125 0.6080109125 0.5790343921875001 0.6145833328125 0.5706018515625 0.6160714281249999 0.564980159375 0.6163194437499999 0.559358465625 0.6143353171875 0.55042989375 0.6099950390625 0.5446428578125 0.60478670625 0.541335978125 0.6000744046875 0.540674603125 0.5931299609375 0.5429894187500001 0.5882936515625 0.5484457671875 0.5860615078125 0.5553902109375 0.5858134921875 0.5633267203125001 0.5870535718750001 0.5706018515625 0.5899057546875001 0.575396825 0.5961061515625 0.5800264546875
0 0.6568700390625 0.6144179890625 0.661582340625 0.6160714281249999 0.6680307546875001 0.615410053125 0.6724950390625 0.612103175 0.6765873015625 0.60598545 0.678075396875 0.5983796296875 0.6773313484375 0.5891203703125 0.674851190625 0.583829365625 0.6715029765625 0.5803571421875 0.6640625 0.5770502640624999 0.6571180562500001 0.578703703125 0.6536458328125 0.58068783125 0.6490575390625 0.5891203703125 0.6475694437499999 0.5957341265625 0.6485615078125 0.603009259375 0.653273809375 0.61193783125 0.6568700390625 0.6144179890625
0 0.635292659375 0.59325396875 0.6395089281249999 0.5925925921874999 0.6444692453124999 0.5892857140625 0.6483134921875 0.584160053125 0.650049603125 0.578869046875 0.65029761875 0.5692790999999999 0.6480654765625 0.5616732796874999 0.6392609125 0.5545634921875 0.6313244046875 0.5542328046875 0.624751984375 0.5610119046875 0.621527778125 0.5689484125 0.621527778125 0.5762235453125 0.624751984375 0.5871362437500001 0.627108134375 0.5896164015625 0.635292659375 0.59325396875
0 0.683159721875 0.584325396875 0.6871279765625 0.58101851875 0.6914682546875001 0.5739087296875 0.6914682546875001 0.560019840625 0.6871279765625 0.552579365625 0.682167659375 0.5479497359375001 0.676959325 0.5456349203124999 0.6712549609375 0.546296296875 0.665674603125 0.5517526453125 0.6639384921875 0.5570436515625 0.6639384921875 0.5696097890625 0.6654265875 0.57457010625 0.6752232140625 0.584325396875 0.683159721875 0.584325396875
0 0.7054811515625 0.42129629687500003 0.7099454359374999 0.41931216875 0.7135416671875 0.41484788437500003 0.716269840625 0.40823412656249997 0.7165178578125 0.39732142812500004 0.710689484375 0.384920634375 0.7025049609375 0.38194444375000003 0.697792659375 0.3826058203125 0.6913442453124999 0.38624338593749996 0.688244046875 0.391369046875 0.690228175 0.41352513281250003 0.6930803578125 0.41865079375 0.698040675 0.42129629687500003 0.7054811515625 0.42129629687500003
0 0.7025049609375 0.38194444375000003 0.7099454359374999 0.384589946875 0.71416170625 0.383597884375 0.7193700390625 0.3799603171875 0.7239583328125 0.371197090625 0.724950396875 0.36623677187500003 0.7229662703125 0.35499338593749996 0.72061011875 0.3501984125 0.713665675 0.3449074078125 0.7027529765625 0.346560846875 0.69853670625 0.349867725 0.6951884921875 0.35598545000000004 0.6941964281249999 0.36392195781250003 0.6954365078125 0.37152777812500004 0.6979166671875 0.377480159375 0.7025049609375 0.38194444375000003
0 0.6471974203124999 0.43154761875 0.6526537703125 0.42757936562500004 0.6577380953125 0.41848545000000004 0.6579861109375 0.408895503125 0.656498015625 0.4012896828125 0.6526537703125 0.39649470937500003 0.647693453125 0.39417989375 0.642733134375 0.39318783125 0.635540675 0.3958333328125 0.630704365625 0.4012896828125 0.6287202375 0.4079034390625 0.6292162703125 0.4234457671875 0.632068453125 0.427910053125 0.6367807546875001 0.43154761875 0.6471974203124999 0.43154761875
0 0.67001488125 0.48115079375 0.6749751984375 0.48181216875 0.682167659375 0.4791666671875 0.6865079359374999 0.4740410046875 0.6892361109375 0.46544312187500003 0.6889880953125 0.459490740625 0.6855158734375 0.45023148125 0.682415675 0.446759259375 0.6752232140625 0.44312169375000005 0.6660466265625 0.44444444375 0.6609623015625 0.45023148125 0.659226190625 0.45717592656250006 0.659226190625 0.46544312187500003 0.661954365625 0.4733796296875 0.6657986109375 0.47883597812499995 0.67001488125 0.48115079375
0 0.689608134375 0.6183862437500001 0.694568453125 0.6173941796875 0.6995287703125 0.6134259265625001 0.703869046875 0.6053240734374999 0.7046130953125 0.5960648140625 0.703125 0.590112434375 0.6990327375 0.58167989375 0.6940724203124999 0.578703703125 0.6903521828125 0.577380953125 0.679439484375 0.5856481484375 0.677579365625 0.590112434375 0.6763392859375 0.6069775125 0.677579365625 0.61193783125 0.682415675 0.6160714281249999 0.689608134375 0.6183862437500001
0 0.650917659375 0.5585317453124999 0.6566220234375 0.5552248671875 0.6604662703125 0.54976851875 0.661954365625 0.544146825 0.6614583328125 0.5329034390625 0.658978175 0.52529761875 0.6551339281249999 0.5208333328125 0.651165675 0.5195105812499999 0.639012896875 0.5201719578125 0.634920634375 0.5262896828125 0.6324404765625 0.5444775125 0.635540675 0.552579365625 0.64521329375 0.5582010578125 0.650917659375 0.5585317453124999
0 0.682415675 0.5271164015625 0.6878720234375 0.5257936515625 0.6938244046875 0.5208333328125 0.696924603125 0.515046296875 0.6981646828125 0.5074404765625 0.697420634375 0.5018187828125 0.6944444437499999 0.4945436515625 0.6915922625 0.49140211562499997 0.685887896875 0.48875661406250004 0.6784474203124999 0.48842592656250006 0.6727430562500001 0.49140211562499997 0.6676587296875 0.5051256609375 0.6676587296875 0.5117394187500001 0.6698908734375 0.5173611109375 0.6744791671875 0.5231481484375 0.682415675 0.5271164015625
