0 0.118685 0.146185 0.036745 0.064481
0 0.195698 0.149532 0.038156 0.069509
0 0.087362 0.294398 0.035328 0.061130
0 0.128812 0.308218 0.036271 0.061972
0 0.139174 0.223222 0.035328 0.064481
0 0.198760 0.289796 0.038625 0.068667
0 0.289669 0.098454 0.037682 0.069500
0 0.325469 0.060347 0.036740 0.070343
0 0.525891 0.018454 0.039094 0.036907
0 0.611148 0.044440 0.035328 0.072009
0 0.832768 0.157069 0.050870 0.096306
0 0.981622 0.347574 0.036755 0.098815
0 0.758346 0.281838 0.059349 0.104676
0 0.614211 0.135718 0.037682 0.066991
0 0.654247 0.204380 0.037682 0.063648
0 0.700174 0.237458 0.055109 0.101324
0 0.589245 0.204380 0.036740 0.063648
0 0.625513 0.273046 0.052755 0.090444
0 0.493391 0.089657 0.037208 0.068667
0 0.503281 0.155815 0.036271 0.065315
0 0.433570 0.129014 0.036266 0.063639
0 0.399419 0.162931 0.037682 0.059454
0 0.355380 0.207310 0.056052 0.108028
0 0.437810 0.216944 0.055109 0.092111
0 0.491979 0.299843 0.056052 0.098815
0 0.563576 0.352176 0.058880 0.099648
0 0.670734 0.356370 0.056521 0.103000
0 0.746099 0.394051 0.057469 0.101324
0 0.815341 0.458111 0.059349 0.100481
0 0.880578 0.513375 0.056052 0.100491
0 0.975729 0.656153 0.042865 0.067824
0 0.982565 0.780505 0.034870 0.068657
0 0.175680 0.351343 0.039568 0.064481
0 0.147888 0.403681 0.039568 0.070343
0 0.103378 0.352597 0.040036 0.061972
0 0.064987 0.356366 0.035797 0.069509
0 0.088302 0.411634 0.036271 0.062806
0 0.060747 0.450991 0.034859 0.061130
0 0.139646 0.513380 0.038156 0.065315
0 0.154953 0.568644 0.032031 0.058620
0 0.130461 0.614699 0.039568 0.066991
0 0.189812 0.591255 0.040510 0.061972
0 0.170263 0.662435 0.040036 0.061963
0 0.219721 0.420843 0.037214 0.057778
0 0.345721 0.435917 0.035797 0.067833
0 0.283547 0.552736 0.056521 0.103843
0 0.363857 0.502912 0.037214 0.067824
0 0.409781 0.478625 0.036740 0.067824
0 0.398948 0.378556 0.060292 0.110537
0 0.477141 0.429222 0.055583 0.103000
0 0.505167 0.501236 0.037208 0.062806
0 0.555333 0.457690 0.036740 0.066157
0 0.589482 0.429218 0.038151 0.066157
0 0.550151 0.522171 0.036740 0.067824
0 0.632818 0.528449 0.039094 0.073694
0 0.674503 0.562366 0.036745 0.059454
0 0.645299 0.601722 0.041453 0.069500
0 0.796734 0.611769 0.044750 0.069500
0 0.842190 0.732352 0.057464 0.106352
0 0.883878 0.767106 0.033443 0.061972
0 0.918026 0.801019 0.034854 0.069500
0 0.902010 0.861731 0.038625 0.067000
0 0.938281 0.938773 0.036740 0.070343
0 0.789904 0.767944 0.037682 0.073685
0 0.827117 0.829912 0.035797 0.072009
0 0.814870 0.891458 0.035802 0.067824
0 0.705591 0.683370 0.064057 0.107185
0 0.654956 0.752449 0.058880 0.104676
0 0.675914 0.852102 0.054641 0.096296
0 0.746807 0.850426 0.036271 0.064481
0 0.598667 0.923699 0.059354 0.108861
0 0.750339 0.957194 0.040510 0.070333
0 0.498336 0.747426 0.061234 0.108019
0 0.526833 0.606329 0.037208 0.066991
0 0.560750 0.684625 0.039094 0.069509
0 0.582651 0.740727 0.036740 0.066157
0 0.423206 0.685463 0.058880 0.103000
0 0.374456 0.617634 0.058411 0.101324
0 0.329000 0.704722 0.039094 0.069500
0 0.294852 0.739472 0.037682 0.070333
0 0.154247 0.754546 0.040036 0.070333
0 0.205826 0.764176 0.043339 0.066148
0 0.154247 0.818606 0.037214 0.059454
0 0.115388 0.895227 0.038620 0.065324
0 0.171677 0.877639 0.038156 0.065315
0 0.221370 0.839542 0.036740 0.067824
0 0.278365 0.896065 0.040510 0.073685
0 0.206060 0.934167 0.033443 0.067833
0 0.238799 0.960125 0.037682 0.067824
0 0.201586 0.983620 0.037682 0.032759
